100
6
1264969
2
3323191
3929879
6987083
615403
5
6537523
9999995
12
9999996
3702389
9999163
9987391
3191803
9682616
3
9999998
1507483
1
5103067
9999999
3855409
3410821
1281246
2872729
6865010
1862603
4170220
5094841
9999972
5001361
4461641
9999991
8237213
7783893
592432
928009
6697461
983469
2295773
10
8873129
9999161
1221469
9999931
4125389
2610613
9325574
559513
9971849
140839
3949061
7551991
9999997
9010879
2360890
1144
13
8
11
5331653
6463741
8460583
10000000
9
8291470
9999971
2196613
6716541
8763892
4
3877633
4751053
8248729
3023326
4461643
1750607
8603593
9309119
9516811
7742461
5388168
390548
4461642
86293
4046177
2044523
9999930
4936439
3132736
9999929
7
9999973
7203246
5462959
9999162
4572049
6735763
