Yes
3959 7956
5394 6365
7851 7867
4021 4036
7801 7889
4034 4990
228 746
232 1172
239 3350
241 2487
4039 6118
4040 4244
4041 5027
4042 7278
4015 6810
7726 7938
4011 7955
4008 5108
279 3475
7710 7780
298 4688
300 5316
7655 7980
4052 7169
3992 6443
350 2542
7635 7918
4056 4295
4057 6334
7626 7750
4059 5151
7610 7752
4061 7941
4062 7008
397 5606
3988 7735
4065 7326
4066 4985
4067 4979
7594 7923
3986 7994
3985 6997
4071 4702
405 5823
418 6692
4074 6447
420 4405
4076 6835
427 4503
3978 5278
4079 7247
4080 5988
3975 6701
429 5612
3972 6055
435 4185
3962 6513
7553 7924
3960 7180
3952 7174
3951 5549
7545 7913
3949 5772
3948 5848
4093 7290
4094 4733
4095 4358
463 6582
7533 7695
7530 7928
4099 4345
7528 7854
3942 7687
3939 7354
4103 7788
473 4269
480 7381
489 2930
4107 6693
4108 6559
4109 5663
4110 5456
4111 7666
7506 7607
497 7199
509 1003
524 6899
4116 5091
4117 7624
7472 7963
7463 7660
544 5442
4121 4448
551 6895
3927 5208
4124 6101
555 7006
7440 7564
3916 5252
7435 7794
7418 7469
3901 5671
4131 5913
584 6160
587 3346
606 7226
4135 7685
3899 5045
3897 4989
619 4159
630 4639
4140 5808
3894 5588
648 2683
3890 7333
7348 7786
674 7179
3886 6263
4147 4678
684 6567
685 7883
695 6961
3883 4237
7307 7320
4153 4186
7304 7834
703 5770
706 3677
3878 7521
3877 5350
712 3921
4160 7393
4161 4931
3875 5359
7293 7532
3874 5070
3873 7898
4166 6987
7291 7945
7283 7560
3872 6386
734 3056
737 2898
3869 7637
738 5836
765 7444
3863 5322
3862 5003
779 4925
782 2123
789 1921
3857 4170
796 1672
7212 7779
7206 7412
7196 7451
7191 7971
3847 4144
7188 7917
830 1406
7176 7722
3838 5841
7167 7746
7165 7975
3837 5425
3834 5974
3833 4212
847 6324
853 7235
4198 5828
4199 4956
4200 4305
3829 5853
857 6515
3825 4146
3823 7692
858 1456
3821 6458
7145 7937
4208 6654
3814 7316
3811 6264
3810 4173
866 2792
878 2291
882 5908
3803 5943
7128 7767
888 7355
4218 7478
7122 7490
889 5276
4221 5532
4222 4446
7113 7216
7110 7822
7108 7921
900 1966
7102 7468
905 913
906 2223
4230 7825
4231 4488
914 5806
7092 7629
920 3608
3793 7809
4236 4339
922 4493
7081 7690
3790 6244
3789 6641
3787 5239
7080 7298
4243 7014
3786 6762
4245 5243
7077 7795
7075 7499
3778 4250
7072 7920
7070 7902
4251 4273
933 2568
935 5210
7055 7829
7054 7715
4256 5627
946 1545
7043 7125
4259 4563
3767 5589
4261 4697
3766 6975
4263 7751
4264 7777
7038 7598
7037 7279
962 4497
4268 6100
7033 7335
7022 7190
4271 7858
3757 6108
7021 7385
3754 5938
3751 5407
4276 7242
3747 5788
3746 4657
4279 6894
4280 7086
7013 7926
4282 7513
4283 6571
7012 7479
3741 7327
7010 7954
995 7628
3729 7105
6990 7935
6988 7821
6986 7890
4292 5111
4293 5495
6985 7474
1006 5543
6980 7223
3720 7701
3718 3900
1025 7395
3716 5925
4301 4818
1026 4869
4303 5771
4304 7409
3715 6911
1027 6221
3713 7803
4308 7224
3712 7770
3709 7538
1031 6969
6957 7251
3708 3836
1040 3409
1042 6926
4316 5194
4317 7237
1046 6782
6942 7311
3705 4620
1061 4172
1076 3555
3702 4984
6919 7866
1086 5076
3699 6020
6902 7648
3695 4911
1094 6734
6892 7847
4331 7567
4332 5356
3691 6648
3690 5449
3689 3774
1112 1435
6884 7079
6883 7848
6878 7614
6874 7296
4341 6904
6873 7171
6872 7605
1122 4187
1125 3424
4346 7265
6864 7462
6861 7406
3671 6193
3670 4704
6859 7339
4352 5197
1141 7815
3666 7977
4355 5554
6848 7002
3658 4972
6846 7782
3655 7676
6841 7696
6837 7674
3652 4998
6836 7981
1165 4333
6816 7593
4366 5439
6815 6914
6814 7065
1177 5386
1178 4861
4371 6306
4372 6890
4373 7228
1181 1588
6799 7442
6787 7317
3635 3809
6785 6858
3628 4088
6784 7036
1204 1906
1206 6255
3624 5718
6778 7802
1213 2517
3621 4655
6772 7768
6767 6798
3619 3664
3616 6680
6756 6829
6755 7551
4393 4664
1233 3717
3612 4425
4396 4960
6751 7353
3611 5389
1238 3603
1240 6167
4401 5206
4402 6387
4403 4681
1241 2996
3605 5034
3604 4856
6743 7045
1248 5899
3598 4881
4410 5873
1257 4507
6729 6839
4413 5615
4414 5520
3593 4472
4416 5294
3592 5927
3591 5074
4419 5768
6728 7744
1260 5339
4422 5077
1262 6404
6721 6905
3585 3698
3583 5232
6718 6934
6717 7083
6711 7449
1271 6844
4431 6632
6708 7612
3575 5096
3574 7040
1279 2391
6700 7677
4437 5512
6699 7049
1280 4445
1285 1897
1322 6981
1329 3540
4443 4485
1336 5451
3565 5991
3564 7900
4447 4483
3563 4673
3562 5273
1340 5202
4451 7830
4452 5000
6640 7991
6638 6702
4455 5521
3558 6705
1356 5431
1357 5436
1361 3826
6628 7554
4461 5466
4462 4773
6627 7314
1364 4335
6623 7964
3548 5115
3547 5326
1370 6966
4469 6389
1375 3190
4471 4616
3546 7477
3545 5574
1378 3633
1381 4442
3542 6005
1382 7613
1390 2913
6602 7586
4480 6269
4481 7895
4482 7717
6592 7897
6581 7852
6580 7582
3534 6436
1417 3300
3532 6637
3531 7760
4490 4973
6568 7143
3530 3735
1429 6136
4494 4641
6564 7061
6557 7878
1438 7712
6553 7424
3523 6469
6549 6996
3520 6137
6546 6893
3517 7572
4504 4899
1447 4027
4506 6004
3513 5381
3511 3697
3510 7719
4510 4958
4511 6191
6541 7559
6539 7445
1455 6519
3502 5668
1459 4114
4517 6039
6525 7248
4519 4842
6523 7747
1472 3137
3496 5607
6518 7257
3495 4577
1478 4344
6506 6657
6504 7982
3491 5537
4529 7453
4530 4955
4531 5610
1493 2373
3483 5441
6496 7630
4535 7762
3478 6170
3476 5298
3474 5036
4539 7536
6495 7360
1501 4785
6491 7856
3467 7563
6490 7668
1503 7602
3463 7826
1505 7741
6483 6501
1510 7457
3458 6105
4551 5700
3456 4411
4553 5170
1511 2992
6468 7138
4556 7042
3450 3734
1525 1683
1527 2404
3447 5845
1529 6470
1531 4387
1540 4453
6455 7569
4565 4674
1552 2144
4567 6838
3436 3963
3434 5839
1556 1606
6440 6597
3430 7653
3429 7587
4574 6247
1558 4183
3426 4812
3425 3448
4578 5515
4579 5567
1561 4334
4581 5311
1562 3504
6432 6434
3422 5646
4585 5846
6430 6554
1569 2103
4588 6978
4589 6646
6419 7675
4591 5264
6417 7203
4593 7734
4594 5308
4595 5393
3413 4638
1577 2558
1578 1864
1584 6451
1586 4050
1594 6427
4602 4726
6392 6856
1602 4002
1603 4424
3399 4363
1608 6112
6378 7651
1621 2166
4610 6614
6373 6860
1623 4734
1625 3323
4614 5915
6369 7702
1631 2379
4617 5062
4618 6948
3392 3490
3388 5125
1645 6008
4622 5145
4623 6678
4624 5840
6355 7766
1648 5435
6349 7849
4628 4938
6347 6959
1655 1931
1659 3170
4632 7894
6337 6817
1669 2856
4635 6745
4636 5255
6327 7974
3377 3480
6326 7076
3374 7000
1670 7487
1673 4118
6322 7896
4644 5984
4645 6520
1674 5156
3366 6439
1678 1711
6315 7948
6314 6713
3364 6586
6313 6819
3361 7443
4654 5781
3360 3974
4656 4999
6311 6775
6310 6795
1686 1697
1690 4756
6302 6442
4662 7269
1698 4254
3344 4049
4665 5923
3342 5994
3340 7100
3339 5879
4669 5692
3337 5384
6295 7098
3334 3682
3333 7456
1701 6273
6292 6595
1704 3015
1708 2638
3327 5369
1709 5860
3324 5051
1716 3839
4682 4692
6279 7170
3320 7450
1719 5182
1720 5102
4687 5315
3317 7525
1724 5103
1726 7682
4691 7315
3316 6288
6270 7397
4694 5812
3311 4206
6266 7989
3307 3359
3306 3996
3304 5267
6265 6413
6259 6944
3299 6737
4703 5361
3297 6499
6258 7503
6256 7025
1739 3305
1741 7861
1743 6002
6248 7344
6245 7725
5396 6771
6240 6691
4714 7914
3285 5852
3284 6830
6239 6765
3280 7481
1755 6973
4720 5312
4721 5240
6234 7017
1758 2050
6231 7297
3272 5230
6230 7933
6228 7535
4728 6933
1762 3539
1766 3719
4731 6617
4732 7498
3268 5260
6219 7755
1768 2681
4736 7158
4737 6061
3265 5830
4739 7960
1777 3369
4741 4801
4742 5100
4743 7798
6208 7322
3258 3570
4746 5578
6205 7957
1788 4544
3257 6792
3255 4798
3253 5285
1792 7534
3248 6235
4754 6003
3245 5383
3242 6790
4757 4959
4758 5565
6196 6446
4760 5166
4761 7716
6194 7240
6192 7978
4764 7099
3239 7892
6188 7321
4767 4946
6176 6467
1809 7027
4770 6183
3233 3674
3232 4127
3231 4395
1810 5580
6169 7645
1813 6034
1818 3482
3225 4262
1819 6251
6161 7753
6157 7121
1831 5336
6152 6396
3222 5546
3219 4902
3218 7132
1836 6505
6142 6552
6140 7740
6134 7067
1853 2445
4792 7943
4793 6189
1855 5942
3208 6117
6129 6544
6126 6621
3204 7370
1863 3011
6119 6828
3201 5680
4802 5965
1866 4475
4804 6562
3198 3446
1870 7255
4807 6477
6114 7230
6113 7579
6104 7615
3189 4850
1885 3783
6094 7742
1893 5146
3184 4486
1898 3383
6085 7561
3181 4986
1902 2001
4820 7004
6081 7864
4822 7969
1905 2800
4824 6444
1907 4149
3176 3508
3175 4880
6075 7839
4829 4884
6074 7936
6073 7870
6069 6153
3168 7882
1917 4749
3164 6277
4836 5169
3163 4418
6060 6804
4839 6979
3161 6217
6058 7273
3159 7748
6056 7893
4844 7966
4845 6214
4846 7790
1927 3400
3156 3981
4849 5582
3151 7684
1934 2319
3149 3642
4853 6616
6047 6285
6045 7059
3146 7277
6044 6781
6042 6380
1947 5467
1950 5651
6023 7236
1964 7758
3140 6920
1967 6535
3138 4660
1968 6088
3135 6408
4868 5550
6015 6215
6013 6135
3131 3550
4872 6659
6012 6903
6007 7743
1979 2938
5995 7713
1992 6533
1995 5890
5987 6704
5985 7094
1999 3946
5981 7089
3114 5171
2002 6575
2003 2817
3111 7410
2004 2412
4888 5743
4889 7611
3108 7823
5975 7985
4892 5018
4893 5765
4894 6325
3105 6376
5971 7177
4897 6377
2008 3110
3955 7673
3957 6537
4901 4994
2014 7285
2020 6511
2024 5928
2026 4033
4906 7724
5953 6550
5952 7151
5949 7405
3097 4026
2033 7213
5946 7473
4913 4988
5944 6967
3090 4817
2036 6731
2039 5739
2040 6843
3079 7546
4920 6888
5937 7678
2046 3310
3077 4640
4924 7109
3076 3088
5929 7571
4927 5104
3073 7389
2051 4643
2059 6993
3071 4051
2062 7641
3068 7288
2063 4596
4935 6046
3066 5087
5918 6534
3065 5338
4939 6882
3064 7877
2074 6036
3062 5011
3061 4070
2080 2109
2083 3970
5901 6184
5900 7461
4948 6725
3057 7227
4950 6274
2084 3368
3048 4573
4953 7264
5889 7853
5888 6236
3042 5179
3041 6766
2097 6599
3039 6516
5885 5894
3037 7493
4962 5452
5884 7475
2100 3641
4965 6457
5882 6030
5881 6887
4968 5335
3033 7996
4970 7492
3031 7733
5874 7504
2110 7215
3022 7832
3021 7374
4976 7494
2111 3627
4978 5773
3019 7837
4980 6028
5869 7369
2114 5140
5864 7703
2118 3004
3006 5724
5861 6610
5858 6280
2122 4816
3000 3171
2999 4786
5854 7970
5851 6232
5850 7625
5847 6038
5842 6660
2142 2157
2993 6664
2145 4723
2151 7835
2154 3116
5001 6508
5002 6476
2155 4156
2159 4030
2982 7245
2167 2491
5007 7774
2169 2402
5009 6307
5010 6896
2173 2398
5818 6406
2175 6149
5815 6316
5814 7115
2177 6312
2969 4676
2968 5402
2178 7053
2180 4569
5021 7346
2965 3606
5023 5084
2181 5348
5025 5030
5807 7565
2960 7810
2959 4464
5029 6941
2182 5066
5031 6162
5805 5892
2957 7912
5800 6528
5799 6481
2954 4952
5037 5921
5798 7652
2187 5957
5795 7408
2949 3944
5042 5782
5793 7303
5044 5862
2948 5470
5046 5265
5047 6361
5048 7519
5049 5124
5790 7944
5789 6461
2195 3967
5053 5071
2196 4353
2944 6358
5056 7872
5057 7123
5058 5726
5059 6212
5786 6512
2939 3358
5785 7305
2203 4605
5064 7134
5778 7139
2933 4918
5775 6130
2211 7455
2217 3646
2220 6857
2222 5418
2227 7764
2923 5702
5763 7118
5075 7085
2228 3958
2916 4775
5078 7214
2229 6401
2230 4729
5081 7958
5759 6964
5755 5886
2908 5148
2907 6840
5753 7708
2239 3273
2903 6674
5089 6958
5746 6331
5740 7120
2900 6224
2899 7157
5738 7124
2894 4810
2253 5535
5734 5870
5098 5099
2890 4882
5733 7044
2888 6742
5730 7201
2255 2802
2256 3632
2883 6885
5725 6096
2260 5173
2880 4459
2879 7198
2877 5122
2262 2515
2264 5413
2273 3752
5114 7090
2274 4867
2869 6067
5712 6342
2277 5783
5710 6480
2861 5875
2860 6930
2278 5505
5123 8000
5708 5834
2857 3733
5704 7131
5127 6801
5128 5998
2284 4790
5130 5462
2290 4562
5132 5269
5133 6083
5699 6462
5135 5833
5698 6720
2298 6753
2852 3922
5139 6953
2299 2333
2848 7035
5689 6570
2847 3017
5687 7271
2844 3460
2843 7577
2306 6690
2842 7184
5149 6225
5678 6040
2838 5728
5677 7312
5676 7091
5154 6683
5155 6672
2315 6412
2833 5653
2316 7241
5670 7997
5667 7984
2328 6622
2330 3243
5163 7606
2336 5628
5165 5304
2338 6229
2341 6809
5655 7965
5654 7930
2342 3435
5652 7771
2815 5707
2813 3514
2811 5803
5175 5295
5176 6025
2348 7527
2349 2493
2350 3526
2355 3835
5635 7064
5634 6650
2798 6963
2365 5511
5632 7548
2369 7904
2793 3312
2370 3907
5625 6761
5622 7805
2786 5097
5192 6089
5620 6842
5619 7020
5195 6527
2381 3395
2782 3238
5613 6402
5199 6879
2385 7976
5201 5598
2390 6172
2395 4502
2778 3326
5205 7968
2776 4795
5207 6065
2397 6341
2399 6901
2772 3375
5211 7739
2771 6070
2400 6284
5600 7011
5596 5796
5590 7846
5583 5624
2419 3428
5219 7906
5579 7103
2422 6563
5222 7863
2425 2591
5224 6643
5572 6362
2757 6936
5227 7763
2756 4377
5571 6182
5570 6939
2429 7146
2751 3808
2433 7516
2435 6014
2437 5780
5557 6954
2742 6281
2441 2694
2739 6174
2738 6912
2737 5017
5242 6542
2735 3805
5547 6354
2734 3086
5246 7736
5545 6947
5542 7046
5541 5968
2457 4800
5251 7983
2729 6099
2728 5430
5254 7520
5538 6233
2458 3387
2725 3760
5536 7329
2462 5157
2723 7647
5530 5909
5528 6066
5263 6352
2720 3494
5527 5917
5266 7336
2718 4357
5268 6593
2717 2915
2716 7518
2468 7345
5524 5868
5519 6148
2710 7772
2709 5897
2708 7466
5277 5629
5517 6357
2706 7423
5516 6144
2480 4297
5282 6243
5510 6059
5508 5616
2488 6163
5286 6950
2489 7507
5288 6620
2697 6608
5501 7672
5291 6507
5292 5296
5500 7068
2691 3812
2690 3596
5499 6022
2495 5126
2496 4155
2685 7467
5493 6517
5490 5969
5489 5544
2499 4045
2679 6128
5305 5639
5306 6018
5307 5930
2501 5279
2502 6246
2676 6195
2675 3095
5480 5993
5479 6832
2505 5006
2670 5638
2669 6585
5317 6145
2509 3288
5475 6735
2512 7175
2667 3820
2513 3742
5468 7377
2514 5585
2520 5309
2661 2866
2523 4670
5328 6655
5329 7497
5330 6918
5331 7591
5332 6604
2524 4277
2657 5324
2656 6095
5459 6862
2525 3469
2652 4436
2529 2777
2534 6465
5341 5931
5448 6750
2538 7009
2544 5723
2545 6925
5346 6675
2643 3278
2641 7609
2640 5216
2639 5301
2547 7266
2636 2819
2548 5523
2549 5162
5355 5454
2634 4102
5357 7330
5358 7480
2551 4364
5360 7931
2553 4193
5432 7026
2559 6308
5427 6865
5365 6547
2626 4214
5367 5997
5368 7208
2562 6644
2571 2978
2572 7817
5372 7949
2573 5106
5374 7106
2575 6583
2616 5777
5377 7973
2615 5349
2614 3197
5380 7267
5416 6688
2576 6409
5414 7039
5412 7476
5385 7814
2579 2925
2580 5948
2603 7632
5408 5878
5403 5756
5399 7627
5398 6510
5397 6298
6242 7149
22 3241
22 6813
6053 6763
6053 7664
1276 1285
3569 4430
3569 5455
2599 6378
1287 5751
1287 7429
2590 2676
1289 3929
1289 1585
6712 6773
6712 7662
2010 4261
1294 4665
2584 2696
2584 5364
3582 6219
1307 3317
2581 3855
2581 4342
4412 5932
4412 7231
1318 2344
1318 7163
1255 4879
1255 2295
4441 5850
2611 4331
2612 4948
1327 4687
2618 4659
2618 2820
1244 5012
1244 7425
5419 7113
3566 7191
1333 5374
1334 7851
2565 4221
5424 6337
2593 3232
104 2664
104 7946
2628 3626
2628 6411
4450 4841
4450 5068
2629 3412
2629 6889
1342 5013
1342 5509
1236 2656
3613 3747
6754 7686
6754 7714
2552 5437
2552 6370
2011 3388
3614 6094
5354 5385
1352 5379
1352 5996
140 3261
140 907
2546 4924
143 6561
143 499
2648 5900
2543 3076
3559 4538
3559 7205
2540 4120
2540 6811
2539 3932
2539 3250
2649 4116
5342 6102
5342 6998
2537 4301
145 6598
145 1011
2535 5489
5340 7553
2532 3131
3615 5211
1360 2795
1360 7514
166 2467
166 7218
3554 3750
3554 4456
5337 5867
5337 6131
2653 3515
2653 7689
4020 6194
5327 5448
1216 6320
1216 7210
1363 6138
1363 6222
3551 6601
3551 6962
5465 5901
2516 3567
2516 7757
1211 5212
1211 6141
2663 6553
2665 7601
2665 7907
225 4326
225 1746
2511 4039
5472 5759
5473 6192
227 1377
227 6886
5319 6919
5318 6793
5318 7034
4035 4698
4035 7953
2671 5406
2671 6479
4384 5538
4468 7413
4468 7511
1205 5332
2503 3237
2503 3049
4016 4062
5484 6142
4381 4802
253 2935
253 1461
4470 6266
5488 6060
2682 7283
3625 5323
3625 6211
5491 6126
5492 6539
5300 7080
5494 5570
3544 4718
3544 6339
2687 5952
5497 6983
5497 7023
3629 5790
6612 6699
4013 4575
4013 5186
2695 3978
1383 5098
5503 5918
1199 5730
2699 3691
4047 6390
4047 7919
5507 7069
5507 7421
3541 6472
3541 7691
2486 4200
1189 4174
1189 2337
1395 2904
1395 2287
2483 4592
2483 7419
3637 6085
2477 6035
2477 7016
2476 4631
2476 6647
5280 5579
1403 6369
5518 6327
6805 6990
1180 4757
1412 4632
2473 3111
1413 4240
1413 5167
2713 4251
2715 3260
2715 7608
2465 4654
4484 6161
2721 5963
2721 7127
3536 6640
1415 4476
1415 4745
2464 6679
2464 6974
2463 3484
2463 4833
5259 6592
3644 4901
2460 4633
2460 7221
5258 6937
5258 7096
5256 5763
2727 6635
2727 7357
3647 5885
2730 2786
1167 4635
1425 1719
1164 2316
2452 3097
2733 3530
2451 3046
2451 6900
5244 5422
5244 7432
5548 6514
5548 7950
2450 3057
1163 3700
1163 7857
4495 6051
4495 6139
2447 6645
2447 3956
2443 6568
310 6682
310 590
315 3320
2440 3960
2743 4081
2743 4536
1432 3976
1432 7876
5559 5657
5559 5837
5560 6107
5560 6618
1434 5542
4496 6799
2748 3969
2748 2849
2432 3779
2432 7446
1155 5526
1155 2102
5566 6831
5566 7549
1442 2614
3993 5049
2426 2458
1443 3272
2754 6787
3521 4075
3521 6090
5573 6960
5573 7581
1152 3817
1152 2013
5575 5775
3516 4210
3516 6488
4361 6202
4361 6576
1453 3542
3503 5132
4516 6176
5581 6120
5581 7592
1143 2749
1143 7962
5217 5344
5217 5904
3660 4933
3660 7880
3667 4778
3667 5458
2414 5530
1467 3151
4055 4980
6529 6972
6529 7669
377 405
6851 6945
6851 7550
1135 1373
1135 7634
3501 6532
3501 7066
5594 5827
5594 7650
4520 5292
5215 5608
5215 6611
5597 5911
5597 6294
380 3140
3500 4379
3500 6207
4351 5112
4351 7512
383 1809
1475 5155
4523 6417
4063 4758
1476 1569
4525 4822
1479 6198
1479 1598
4072 5416
1129 6116
1129 7087
1481 5360
1483 5531
1483 6569
4077 5427
5198 7295
5198 7411
2382 3045
2382 5662
2783 3935
2783 6237
2380 2846
2380 6262
5617 6504
3973 5889
3493 4247
3493 6359
3492 4136
3492 4408
7558 7934
7558 7961
1495 2217
3961 5981
2375 5396
2790 6069
445 3436
3686 4614
2794 3874
1498 3362
1498 5844
451 5426
451 1843
2366 3662
2366 5919
3479 5659
3479 7967
5184 5482
5184 6509
2801 3391
2801 3296
3687 4082
3687 7289
1500 4304
4541 6748
4541 6923
2361 2724
2361 5744
2359 5486
2359 2403
3688 5670
453 606
4547 7167
5643 6012
1508 3253
1509 6495
2808 3729
4554 6613
4554 7415
4330 4715
4330 4752
5649 6385
5649 6605
455 3008
455 5935
1517 4532
1517 5688
2816 3426
2818 4383
2818 3455
6474 6883
2823 4095
5656 7013
6473 6658
6473 7161
2340 3888
2340 7436
467 4624
3694 4803
3694 7806
3696 5809
3696 7331
2332 2435
3454 5685
3454 7229
4558 6432
3444 4625
3444 5568
2327 3000
1088 2284
1087 4162
1087 3075
4325 5064
6456 7729
6456 7887
1081 1791
1081 1487
1542 5895
1542 6420
6452 6785
4324 4618
1546 2360
1546 7390
3704 3764
3704 5962
2836 4011
2839 3430
2311 6861
4104 7206
1071 6245
5147 6503
5147 7356
1550 5183
1550 2153
1554 4181
1554 7515
4105 4539
4106 6602
3427 5847
1063 3372
1063 7787
5142 7145
4321 6853
4321 7508
1563 1679
1563 6706
4583 4963
4583 5351
1059 3121
1059 7784
5694 6375
5694 7843
3421 6566
3421 7434
1566 5786
4319 6837
3419 5490
6423 6884
5131 7440
2286 3562
1053 1857
1053 7051
1047 1556
3418 6058
6418 6821
6418 7842
3410 3925
3410 5683
2279 2441
3406 6353
3406 7600
3707 4719
3707 5234
1581 2761
1581 5831
2864 4622
2867 3042
3931 5249
3931 5910
528 4037
528 7186
6410 6463
6410 7253
4119 4807
2271 2842
2270 4009
2270 4819
1589 4602
5720 6711
1933 3051
1933 6642
5722 5982
5722 7929
1596 3821
4311 5604
4311 6999
2882 4158
2882 3036
1599 3576
1599 2494
4122 5185
4122 6667
6395 6864
2886 3257
2887 5253
2887 5404
5731 6383
5731 7583
2254 4264
1029 2720
1601 6784
4603 5725
4125 4231
1028 3105
2895 3467
1605 3977
1605 5747
2901 4124
2246 4143
2246 2506
5742 6097
5742 7486
1607 2757
3398 4056
5745 7300
5745 7840
4306 4572
4306 7575
1615 4131
3397 3732
3397 3711
5749 6293
5749 6441
2237 2481
2237 6261
4609 7122
3396 3827
3396 4209
5086 6196
3394 3634
3394 7233
1624 2417
1624 6484
1020 5085
1020 6783
562 3780
562 1437
1010 3154
1010 2466
4296 4741
5080 5971
5079 6834
5079 7447
2921 5058
2922 4370
2922 6111
2926 5190
2926 7562
3722 4258
3722 5237
2225 3899
2927 4076
3386 3502
3382 5613
5069 5263
4132 4352
1650 2708
2929 3451
2929 4708
3728 4578
6345 6636
6345 7818
3381 3830
3381 7951
4289 5268
2934 3995
2934 4647
2205 2244
2205 6122
2936 5864
1001 4213
1001 2587
593 2545
999 3166
999 2964
3380 3882
3380 5640
2937 3583
2942 5672
2942 7589
5054 6619
5054 6880
3736 4668
3736 5776
2946 4443
994 4203
994 3549
2194 6187
2194 6794
594 1043
594 7050
1662 2524
993 6845
993 7239
2950 6015
4286 5551
4286 5801
4634 5516
5038 5619
5035 5569
5035 7404
2955 3605
2186 5090
2186 2609
2185 3339
2184 3648
2184 6252
2183 5432
3376 3771
3376 4340
3373 6213
3373 7730
3370 3716
4648 5665
4648 6175
3365 3463
3755 3829
5019 6728
2970 4567
2176 4652
2176 6151
1681 4953
2972 3256
2972 5658
1687 3061
7030 7801
2975 4396
2976 5154
1692 5116
1692 5261
3335 3757
3332 4147
1702 2437
2980 5246
4675 7338
4675 7899
2163 4974
2163 5820
3762 4949
3762 7658
3895 6847
3895 6870
622 2769
622 1915
5004 5163
626 2782
1707 3126
1707 2263
4679 5493
2986 3458
2987 5026
2987 7972
4265 4764
4686 4846
4139 6695
4139 7576
960 6877
960 1051
2994 3321
2994 6797
1723 6982
1723 7097
4689 4844
634 1396
634 6921
644 2074
649 1429
1725 7594
6268 7655
1728 2499
3308 5614
3308 5804
4993 7033
4992 6917
4992 7275
3302 4462
952 2097
3770 6564
4255 7165
1733 3340
3002 6302
4987 5092
4987 7073
3295 5849
3295 7454
3772 4099
1737 2601
1737 5787
2119 3816
2119 7759
4707 5388
4707 7959
944 1206
3291 5433
3291 7485
4253 4862
4253 6300
3773 5288
3013 5123
675 1204
2113 3152
2113 6019
3286 5522
3286 5989
3020 5072
3020 7860
3025 4936
3025 5872
3026 5620
4148 4595
4713 6042
2106 3337
3885 3955
3283 3948
2101 3208
691 3329
691 7256
4966 5127
4964 5398
4150 6248
3277 5305
3271 5128
3040 3714
3040 6180
3044 6448
3044 7082
3784 4064
3784 6464
3270 4309
3270 7654
7078 7639
7078 7905
2092 4565
2090 5881
4154 4898
4154 6710
2088 4492
2088 6238
2087 4432
2087 5866
3881 5408
3269 6577
3269 6924
1763 2747
1763 6364
1764 5107
1764 2577
3059 3118
3059 5434
4242 5835
4242 6681
4730 4919
4730 6082
2081 5500
709 4217
709 1816
2079 3737
2079 7173
3267 5729
3267 7783
2075 5397
924 5009
2073 2570
2073 7386
3794 4140
5912 6297
5912 6629
2071 5200
2071 5605
1776 4410
7088 7209
7088 7491
2067 6878
4747 5571
1783 1808
1783 7222
4167 4590
4167 7547
3067 3939
1785 4205
1785 2070
917 3972
4930 6023
2058 3440
2058 5553
719 4663
719 6540
6200 6299
6200 7500
3795 7908
3795 4626
3072 3597
3072 7260
4926 7506
915 1086
3251 5114
4232 6687
4232 7633
4762 5031
912 2636
3871 4947
3871 6928
3870 3962
3866 5741
3866 6689
1795 2916
4766 6986
1799 6487
1799 7709
1802 5299
1802 7845
4228 7220
4228 7254
1807 5352
1807 4001
4226 6178
4226 6201
3230 6995
3230 7807
4912 7172
4912 7388
6173 6218
6173 6854
1811 3868
1811 4909
6171 7207
6171 7619
2028 2219
2028 7084
7259 7306
7259 7796
4908 5547
1812 1984
1812 6724
3229 3336
3229 6833
6168 7526
6168 7778
3228 5227
1820 3019
899 4129
899 1771
2022 3449
2022 3439
1829 2778
896 4090
896 1952
4782 5727
4782 7366
894 2400
3217 6081
3102 3886
3798 4579
4900 5600
3103 3568
3103 7376
4025 7071
4025 7636
4219 5712
3804 5297
3804 7874
5972 6558
5972 7942
3213 6541
880 3309
880 3246
879 2227
3806 4556
3109 3668
3109 7728
3205 3616
3113 5196
3113 7225
767 6433
767 1200
6124 6360
6124 7811
772 4739
1860 2178
773 4109
4799 5357
7232 7657
7232 7916
3195 7371
3195 7833
4878 6016
4878 6662
4178 6634
4178 6827
873 1557
873 1100
3123 4906
4809 5347
4809 5681
784 5081
785 5016
785 2197
4876 6007
1872 3746
3807 4198
1877 1907
3815 6011
3815 6159
1981 4323
1981 5463
3854 5557
1880 2457
1882 2485
1882 2076
1884 5599
1884 7693
6098 6756
800 3153
800 4977
3188 3258
4202 4272
4202 5648
6009 7128
3831 4656
1971 4600
1971 6276
4813 5854
3133 3906
3133 4914
1970 3965
1970 4905
3134 3360
1894 2751
3139 3342
4196 6326
3142 4224
3142 5645
4192 5067
4192 6600
6021 6841
810 1716
1900 4568
1900 3194
4191 4552
4191 7990
4184 6405
4184 7529
840 3037
1954 5033
1954 7617
6077 6231
814 5746
1909 2309
1909 1937
1949 5650
1949 7705
1948 3968
1948 5675
4859 6328
4859 7428
3172 4514
3172 5779
1944 3861
1944 2533
1910 2838
1911 3031
4832 5201
1923 4489
1923 7183
3160 3824
3160 7884
4843 5061
4843 7458
3145 4246
3145 4560
6043 6490
3158 4467
3158 5213
3147 3951
1590 4407
1590 6812
4435 6418
4113 4699
4113 4791
4113 4932
3148 3228
831 3068
831 2266
1930 4519
1930 7200
1273 2359
1935 3485
1935 2805
1935 2269
3841 6638
3841 5214
4857 7176
4857 7808
3577 4554
1284 1578
1284 1787
2009 2900
2009 2508
1924 3189
1924 3293
1272 3269
3579 4416
3579 6806
1290 2349
1290 6551
5390 5471
5390 5669
5390 6437
48 1061
48 4018
1918 3959
1918 6697
3165 5541
3165 7095
1295 4517
1295 5055
1914 3277
3843 6173
1297 4324
3848 4063
1943 2552
1302 1360
4830 5594
4828 5198
4860 6525
4860 6591
1953 2432
3177 4910
3177 6471
3177 7482
4823 6612
1304 6104
1304 3571
1308 5697
1308 5979
1308 1955
3180 3871
1961 2274
1961 6438
3143 3158
1310 5317
1310 2131
4423 7055
4423 5284
3183 4296
1315 5038
1965 2340
3136 3614
4814 5411
4814 5907
4814 7797
1892 2477
3594 3988
3594 6286
64 5044
64 7349
1973 4926
1320 3560
1320 5474
1320 7318
801 1704
801 1946
2610 2955
3852 4373
3852 4777
1246 4510
1246 2945
1978 3090
1978 6730
3822 5256
3124 5814
3124 6590
2613 3343
2613 6343
2613 7194
862 2380
795 4176
795 1367
795 6976
1985 3503
793 3623
793 6786
793 7347
868 1006
868 7437
2621 3406
2622 6557
2622 3940
3858 4695
3858 5241
3858 7723
5992 6152
5992 6497
1993 3059
1871 3113
3122 3307
3122 6868
3600 5001
3600 5409
3200 5048
3200 5513
3203 4294
3203 4864
3203 4916
5421 7072
5421 5973
1862 6743
1862 6435
1861 4354
1861 1869
1861 7570
2623 4087
2623 7522
2623 7623
3609 5205
3609 6010
4399 6805
3112 3655
3112 4608
2561 3222
2561 7488
2557 6985
2557 6826
111 4496
3106 3370
1344 2697
1344 2686
2006 3102
2630 3077
2630 5556
2631 3741
2631 6493
4896 6755
4896 5514
1850 6873
1850 2620
1847 3025
883 1911
3801 5354
886 2186
1844 3784
3215 5410
3215 5428
3215 6296
4454 5794
4454 5978
4454 6746
1231 1342
1355 3905
1355 4151
1355 4677
2012 3361
2012 3441
1229 1999
1229 6952
2016 4645
2016 6560
892 2478
892 7671
892 7776
1834 4553
1834 5880
1833 4106
1226 2051
1226 4540
2650 6115
2650 7250
2650 7799
2018 2843
2018 6916
2526 2653
3620 6395
4781 7418
4781 5893
3553 5029
3553 3685
5958 6106
5958 6791
5958 7185
5325 6205
5325 6897
4780 4809
1823 1860
5464 5583
5464 6340
1214 3873
1214 2759
2662 5625
2662 6760
1814 4057
1814 5719
4904 6043
2025 3755
3099 5858
3099 7792
4907 5327
3098 6013
3098 7891
233 5414
233 6749
748 4080
748 6994
2034 4732
2034 3461
3093 4263
3093 4417
3236 3686
4382 4470
2684 4072
4227 7078
2037 7110
2037 2128
1380 4042
1380 5630
745 5888
745 4783
1203 3532
1203 3945
1800 5468
1800 5960
5502 6506
5502 6048
4376 5492
909 3986
909 4367
3081 7038
3081 6769
1796 4993
6190 7509
6190 7556
6190 7663
741 1894
2492 4298
2492 3279
2492 5682
1198 2181
1198 2334
1195 4196
2047 2549
2047 4169
4478 6140
4478 6747
5283 7304
5283 5601
4168 5257
4168 6366
4168 7204
2705 3558
2705 3094
4004 5330
4004 6867
1405 2328
1405 7399
716 3072
3639 4117
3639 5642
4937 6200
4163 6056
4163 7211
918 3952
918 1611
2475 2657
2475 7828
1409 1552
1409 5906
1779 2422
1779 4284
919 1010
4740 5300
713 2634
713 5370
3643 3840
3643 5792
3643 7426
1774 3991
1774 5204
1774 6908
1772 2053
1772 1827
1772 7249
2461 3604
2461 4705
1422 5258
3266 6473
711 3134
4238 5307
4238 5883
2082 4394
2082 6351
2082 7401
1765 4319
4945 6410
1423 3548
1423 7501
3650 3862
3650 4433
707 1255
2093 3866
307 4219
3047 5266
3047 3169
4152 5581
2449 4450
3782 4648
928 4366
928 2490
4722 5807
4722 7359
2448 3268
2448 7119
1430 4191
1754 2390
1754 6630
3776 4760
3776 5736
1431 1981
2107 6440
2107 7888
3775 6295
3775 5577
1433 3885
1160 7012
1160 6971
2746 3231
2746 3313
3528 4832
2431 2980
1440 1880
4710 5365
4710 7838
3527 4351
2117 7070
2117 6932
5231 5995
5231 7142
3292 3554
2758 3838
2758 5362
3009 4005
3009 4858
3009 5757
3003 4119
4706 5399
4706 6579
3889 4028
3889 5177
3889 6260
3651 4961
3651 5855
3651 6459
3518 5131
1734 3519
1734 2202
1734 6032
341 7463
341 5977
1450 1785
2998 3807
2126 2211
2126 2428
2127 3814
2127 5717
2129 2926
2130 2661
2130 5703
2997 4135
2997 6907
1148 1701
1148 6482
349 5391
349 5750
349 6253
4690 5666
4690 6092
4690 7542
3656 4392
3656 5829
3656 6254
4054 5218
4054 5817
4054 6249
353 1829
2990 5142
3990 4330
2149 3500
627 5545
627 3908
4683 5130
4683 7939
1469 1577
1469 4772
3322 4321
2408 4043
2408 7392
2408 7665
2406 3306
2406 6080
1132 4452
1132 7631
2984 4270
2984 4508
2984 6714
2768 4588
2768 5453
2156 2894
2156 3891
2774 3299
2774 6031
3989 5019
2779 3701
2779 5321
2779 5457
2162 2553
2162 4487
617 3492
398 1885
398 5826
2977 3592
2977 5460
613 4548
613 1925
613 1251
2392 4634
3759 4649
3759 5955
3759 6741
407 1459
407 2814
1695 3725
1695 5161
1695 7391
1694 2084
1694 2569
2171 6483
2171 4789
3982 4020
3672 5987
3672 7195
611 2443
3980 4610
3980 4038
1688 3563
1688 7773
2973 3582
973 1673
973 3538
4343 5518
1488 5528
1488 2917
2784 2860
2784 3074
1680 4730
3363 3547
3363 4500
4650 4978
4650 7523
3678 5219
3678 4449
3971 5110
3971 7140
3971 7879
3489 3931
2789 4535
2789 7407
6319 7232
3950 4585
3950 5924
4646 5699
4646 7018
3367 6239
3367 5631
2804 3520
2804 3525
4281 5694
2363 2538
2363 2420
5032 5118
5032 5382
5032 7324
4637 5459
4637 5180
3468 6310
3468 7117
6489 6965
6489 7465
6489 7869
1110 4386
1110 5506
1110 2224
1504 4644
1504 5673
6332 6712
2189 3249
2189 2318
2189 5735
1664 2433
1664 3445
2807 4046
2807 5117
2807 5902
1661 4338
1661 4891
1661 6502
2947 3413
2947 4216
5052 5221
5052 5561
5052 5951
5784 5789
5784 5797
1506 4403
1506 2841
2201 4805
2201 2788
2201 6305
2206 2290
2206 3185
3462 6426
3462 7261
3462 7524
2353 2815
2353 3983
589 3699
589 5229
2209 3744
2209 6068
2209 6428
4629 4944
4629 7604
4629 7859
2351 2848
2351 2698
4627 5075
4627 5020
2809 7545
2809 5293
4133 4207
4133 4611
4133 5621
2810 3667
1105 3652
1105 6530
1646 3175
1646 4300
3385 4208
3385 4564
570 1687
2343 3410
4097 4306
2824 4543
2824 5172
2824 6309
2827 2970
1638 3172
1522 2714
1522 5660
1522 7414
2232 2723
2232 5966
1632 3114
1632 6949
4559 5419
1530 1763
1022 2750
1022 6054
1022 6970
4299 4471
4299 7358
4615 5367
4615 6371
4613 4766
2831 3683
2831 3244
2831 6739
2325 5517
2325 5641
5752 6208
5752 6121
2236 3366
2236 3601
4022 5972
1084 1686
1084 7756
3943 4142
3943 4685
3943 5916
1078 7196
1078 3371
5158 5643
2906 6848
2906 6344
4302 7293
4302 5941
1613 1882
2834 6045
2834 5333
3917 7993
3917 6147
3917 6935
1544 2119
2312 5720
5153 6423
2248 3770
1604 3373
3401 5656
1072 3806
2892 2908
2892 5954
2891 3803
2891 4586
2305 3065
2305 2605
2884 4720
2884 4189
2304 2495
2304 7252
541 3670
541 705
3433 5710
3433 6143
4312 7088
3936 4520
6955 7558
2301 2473
4315 4332
4315 4750
540 4551
540 5767
2267 3001
2267 5444
2267 7294
1587 3302
1060 2974
1060 7588
1060 7681
4582 5959
4582 7539
4582 7789
1583 3854
2854 6103
2854 7452
2854 7484
2862 3619
2862 3345
1564 5745
1579 4192
2858 3916
2858 3607
6415 7092
6415 7154
2281 3872
2281 7422
2297 2355
2297 4368
2283 2327
3934 7348
3934 5060
2296 3736
1575 5562
1575 1815
1575 1738
2293 5494
5134 5950
5134 6665
5134 7621
1054 1764
1274 2509
1274 3389
1756 3040
1756 5144
1571 2020
1571 4328
1571 6624
1573 1948
1573 7643
2285 6581
2285 4128
2285 4969
2294 5047
2294 2949
5129 5632
5129 6259
3417 3527
3933 3943
5715 6671
5715 6758
5715 6759
5715 7005
3405 3478
3405 6859
1045 2369
1045 3702
2850 3496
2850 7022
1041 2942
1041 3125
3402 4132
3402 5914
1064 1432
1064 5564
2875 3534
2875 4230
3930 4878
3930 7362
4566 6851
4566 5401
1067 1503
1067 3786
2889 3551
2889 5378
2308 3164
2308 3681
2308 7129
2249 2448
2241 2559
2241 6815
2240 5133
2240 4797
2240 5443
1609 5572
1609 2341
2313 3386
2313 7292
1612 3073
1612 5423
1612 6631
1616 3367
2238 2312
1617 2976
1617 6802
2832 3124
1619 4481
1619 4455
469 1238
469 4014
469 7541
561 648
561 4257
561 1448
2909 5560
2909 2918
3443 3462
2234 3365
2234 5661
4098 4903
4098 5247
4098 7262
4098 7402
1090 5596
1090 3447
3393 4055
3393 4474
1091 2546
1091 3887
2329 2831
468 6265
468 4138
468 3486
3914 4722
2335 4393
2335 4806
2335 5120
1519 2571
1519 5525
1519 2347
564 1498
564 2148
3726 3992
3726 7710
1642 1765
3727 5753
3727 4743
1102 4160
1102 3488
1102 4835
1647 4868
1647 7212
2928 6075
2928 3324
1651 2649
1651 5816
3459 4040
3459 4197
3459 4957
1652 5566
1652 4457
1654 4292
1654 4282
2208 2463
2208 4112
1109 3858
2198 2957
2198 3545
5043 6268
5043 7580
1666 3738
1666 2871
1666 5504
1666 6407
985 1909
985 7383
4134 5059
4134 4400
4134 5558
2358 3165
2952 5722
2952 6639
2362 4609
2362 2951
2958 3122
2962 6074
2962 3810
3471 4089
3471 3818
3471 5101
3471 6898
1675 1814
449 5254
449 2278
2791 3722
2791 3216
975 7259
975 3416
1677 4542
1677 3259
1677 5832
1677 5922
1113 1344
3679 4912
3679 4815
1490 2175
1490 5748
1490 7403
2963 3176
2963 4744
2963 5405
607 3139
607 1120
3357 5654
3357 5740
2179 2501
2179 3844
2179 7754
610 4325
610 4769
1127 2756
1127 4044
1127 1445
972 1040
972 4458
972 4667
965 1564
3349 4281
1696 4079
1696 7496
1696 7568
1700 2640
1700 2497
1700 7596
2168 2639
2168 2222
1131 3688
1131 1627
3331 4315
961 2603
961 1042
1706 6077
1706 2914
3328 4813
3328 4220
3763 4885
3763 6589
3763 6685
3763 7649
2401 4148
2401 7699
1713 2706
1713 5371
1713 6521
1133 3291
1133 1620
2407 3181
2407 4322
2407 6984
1714 4615
1717 2790
1717 5400
2410 3870
2410 6543
1721 3762
1721 5970
5587 5851
5587 6531
5587 6850
354 3493
354 7378
631 1659
631 4110
2418 2419
2418 3595
2418 5623
1462 3255
1462 4840
1462 6770
2995 3852
653 5949
653 1248
3653 4232
3653 7007
957 1844
3506 4920
3506 4821
3506 5496
2421 4054
3509 6523
3509 4852
3509 5679
1727 2106
1727 6943
2125 2663
2125 6257
346 6717
346 796
2124 2264
2124 3834
3301 4152
656 3687
656 2280
1740 2127
5225 5992
2753 6345
2753 7367
671 3271
671 1324
1441 1599
1441 5188
1744 3544
1744 3379
937 3195
937 3998
2116 3332
2116 5936
3287 4713
3287 6393
1749 2431
4145 4907
2436 4937
682 2891
322 397
322 3453
322 5664
690 3695
690 5073
690 7911
3038 4195
3038 3721
3038 3384
3038 7979
5136 5153
3529 3847
3529 4008
1161 1766
1161 3942
3274 5861
3274 6751
701 2040
701 1821
701 1780
3053 4935
3053 4409
3053 6086
2732 4721
2732 5760
2732 7433
2731 2774
3058 3961
3058 7313
3063 6347
3063 6087
3063 6777
3649 4399
5539 5799
5539 7077
3533 4384
3533 4010
3791 4896
2722 4603
2722 4661
4369 5004
4369 7850
5529 5559
5529 5999
2719 3651
2470 2804
2474 5795
2474 2600
2474 7816
1411 3625
1411 4653
3876 5054
3876 4182
3263 4226
3263 6722
2068 2934
2068 3407
715 918
4748 5491
4748 6774
2055 2730
2055 4598
282 879
282 2479
3537 7030
3537 7439
1402 1811
1402 7540
1184 5159
1184 5345
1184 5926
1184 7398
1400 4516
1400 7824
1399 5176
1399 2736
1399 2094
721 1674
721 1356
4048 4636
4048 4094
722 4679
722 7885
1393 3778
1393 3477
1393 1983
1191 2818
1191 3069
2703 4065
2703 3264
2703 4991
3240 3566
3240 5586
725 1381
725 5934
725 1208
727 5341
727 2015
727 1311
4763 5149
4763 6062
4763 6109
908 4184
908 1069
3082 3143
4477 4824
4477 5593
4477 5887
1801 4113
4229 5592
4229 6538
4229 7603
4229 7638
2689 3692
2689 3014
2689 5376
2689 5446
260 1726
260 4593
2498 2994
2498 6485
3087 4243
3087 4066
5303 6168
5303 6694
242 2182
242 3713
237 383
237 602
6177 6415
2031 2880
2031 2036
1207 2718
1207 4895
1207 2258
4019 4857
3227 5282
3227 7992
3227 4863
4225 4888
4225 5487
4225 7925
750 1681
750 7268
202 467
202 5967
1824 3831
1824 2172
898 3316
898 5209
898 1523
751 5655
751 1115
751 1012
756 1355
895 3180
1218 2100
1218 4222
4388 4706
2017 3374
2017 4788
2017 6818
890 3479
890 4069
1839 2010
1839 6820
3104 4454
3800 5193
3800 5238
3800 6421
3800 7380
2531 6258
2531 4528
2531 6752
2541 3242
2541 4865
2541 7531
136 915
136 1684
129 2011
129 6078
3864 5394
3864 6453
3864 7793
1852 2062
1852 3621
4397 4859
4397 7060
1345 7021
1345 5187
1345 7341
1854 3399
1854 6721
4796 5667
4796 6228
1856 3694
1856 2919
2005 6452
2005 6057
100 232
100 2979
100 2799
1859 2844
1859 3297
3115 3639
4444 5222
4444 5021
1335 2511
1335 2282
1998 4829
1998 5691
1998 6588
3120 4781
1867 1884
1867 7557
1242 3767
1242 3174
1242 2207
1873 2468
1873 6291
1873 6329
872 5380
872 4709
872 4874
3191 6957
3191 4621
3191 6849
1883 3795
1883 6989
1254 2014
1254 1842
1254 6403
2578 5277
2578 4623
1976 2827
3849 4381
3849 4982
4873 5731
4873 5178
1891 5283
2604 2754
2604 5189
846 2063
846 2288
846 6271
3588 5346
3588 7166
3588 7952
1261 4962
1261 3199
1261 2272
1963 4836
1963 4015
3182 5032
1263 1308
1959 4402
1959 6179
1959 6346
2602 4628
2602 4406
2602 6037
3587 4202
3587 4266
1903 3136
1265 2028
1265 1266
816 1669
816 2064
816 6029
4427 6124
4427 4434
2582 5217
2582 3141
839 1272
1916 2784
1919 6754
1919 3220
1920 4966
1920 2459
838 2847
838 2154
2589 5536
2589 3657
2589 7737
821 1655
821 3178
821 5990
2592 4630
2592 5290
2592 7192
2592 7781
3162 6455
3162 4426
3162 4440
1939 2610
1926 5464
828 1924
6707 7291
6707 7062
6707 7622
1929 2523
1929 3054
1929 6289
1618 2997
4851 5687
4851 6049
4851 7003
1278 1517
1278 5701
1339 2946
1339 2811
1520 5752
1520 7137
3573 3763
4438 4763
3572 4504
3572 3724
3572 4029
3572 7284
1281 2198
2585 3142
2585 4703
2606 2717
2606 6157
2606 6093
1288 2999
1288 3289
1288 1828
1288 7791
4429 4468
4429 5713
4429 6596
2625 5136
1270 2113
1270 7999
1270 6524
1269 2151
1269 3239
1269 7219
2647 3240
192 253
192 1712
192 1299
1298 1483
1298 5591
1298 2374
2518 2977
2518 3457
1303 2575
1303 4422
1303 4847
210 890
5313 5503
5313 6199
5313 7585
4017 5484
4017 4995
4017 7727
2500 3564
2500 3751
2500 3913
2712 3950
2712 7343
2740 5231
2740 7164
2427 5147
2427 3869
2760 2950
2760 2837
2760 7107
3589 6177
2416 6332
2416 7711
2415 5342
2415 4347
2415 2896
1256 3857
1256 3863
1256 2143
2413 3301
2405 5499
2405 4731
2405 2988
2775 3800
1252 3357
3987 4650
3987 7537
2378 2789
2378 2453
2785 2947
2785 6696
2367 4154
2367 3377
2796 3822
2796 2956
452 924
452 3753
452 2019
464 671
2830 3434
2830 3712
2830 7048
2322 4523
2322 6279
3610 4441
3610 3740
3610 4606
485 1411
2302 3509
2845 4225
507 3109
507 5377
2859 4930
2859 3837
2275 2526
2275 4776
2870 3393
2873 3914
2874 3182
1351 2813
1351 4461
1351 1502
2257 2363
2257 3128
2250 4145
2912 3335
2912 4391
2912 3584
2226 2650
2226 3924
566 888
566 4549
566 3303
566 5438
3912 4796
1227 2532
1227 4591
581 2025
581 5905
582 1926
1223 1733
1223 3785
1223 7597
2192 2998
2192 5709
598 690
603 2183
603 3510
2188 3804
2188 6628
2971 5412
2971 3799
2971 7578
2971 7886
2158 2351
2158 4291
2140 4423
2140 5819
641 2599
641 7159
641 7361
1215 2884
1215 3561
2138 3229
2138 3167
2138 3157
3893 4299
3893 4886
2135 2582
651 721
652 873
652 2195
2121 2408
2121 4550
663 4782
663 7108
666 1965
666 6227
670 1071
670 3781
670 5871
680 3382
680 3819
680 7680
2108 6047
2108 6373
2108 4073
2089 4686
2089 3645
2089 3212
2085 3146
2085 4728
2085 7599
3060 3957
3060 3690
3060 5375
3466 6430
3466 6892
3466 3918
2060 2547
2060 5057
2060 2199
2057 2338
2057 5738
2057 3792
2054 3162
2049 2126
2049 4759
3078 4965
3078 4413
3078 7940
4921 4943
4921 5584
4921 6399
4921 7396
4921 7679
1392 2572
1392 5953
1392 5863
2042 2130
2042 7104
3096 4908
3096 4871
3096 5686
753 961
1991 5465
1991 3048
1989 5184
1989 2145
791 3067
791 4983
791 6123
792 3419
792 3130
792 1913
1982 7188
1982 4378
1982 4712
1982 2324
802 4022
802 6716
1974 4987
1974 3033
1408 3506
804 4617
804 2331
804 1908
804 7464
817 1581
817 4787
817 5896
1940 2047
1940 4555
824 1713
836 1992
836 3636
836 2822
836 6703
1878 2565
1878 4327
1878 7656
1416 1867
870 1579
870 5945
874 2241
1173 2541
3211 4016
3211 4700
3211 5429
1851 4074
1851 5272
1851 2213
1851 6698
1846 3401
1846 3765
1845 2031
885 896
885 4662
1837 3864
3223 4754
3223 4211
3223 6424
3223 6445
3797 5497
3797 4121
3796 3876
4779 4939
4779 5461
4779 7057
4779 7510
1798 2753
916 1129
916 962
1786 3600
1786 3638
1775 3003
1775 6338
921 3026
921 5716
921 7574
1770 2037
1770 2423
1444 2695
1444 1501
1767 2162
1767 5395
3275 4710
3275 4599
929 1059
929 4180
929 968
1748 3678
1748 3997
1149 2039
1149 1586
1149 1969
1747 4104
1747 2806
1747 1987
940 1571
1742 2203
1742 4161
1742 4666
3351 5734
3351 3635
3351 3856
3758 4690
3758 5705
979 4253
979 2444
979 6275
1458 2267
1458 1622
3745 3776
3745 7217
1668 2496
1668 3201
1668 2897
3378 4945
3378 4701
998 4125
998 3901
1656 3933
1644 1853
1644 1788
1644 2096
1014 1954
1014 1623
1018 4913
1018 4612
1018 5302
1018 1337
1630 5689
1630 6230
1630 5647
1628 3594
1628 4241
4604 4748
1033 3949
1033 4275
1033 6398
1033 6855
4314 5280
4314 4855
4314 6607
3403 3528
3403 4252
1580 3280
1580 3658
1580 7706
1130 2489
1130 1525
1130 5856
1480 3471
1574 3588
1056 2005
1062 6190
1062 3748
1559 3728
1559 4527
1559 5766
3675 4255
3675 4941
3675 7460
3432 5139
3432 6778
3432 6726
1070 2018
1070 6915
3676 5043
1077 1749
3438 3715
3438 3896
3438 4811
3438 4922
1526 3422
1526 4827
1526 5343
1526 5764
2069 2185
2069 4746
2095 3041
2095 5415
2095 5980
2095 7340
2095 7618
976 1281
609 610
609 1209
56 1647
56 6368
2550 3251
2550 5649
2635 2928
2635 5626
154 2092
154 7281
154 662
154 7667
1497 4168
1497 5203
1497 7483
1267 1327
1267 3513
1267 6166
2668 5134
2668 3535
2668 6913
2507 4435
2507 4100
2507 3089
2678 2699
2678 4293
2678 5041
276 922
276 4234
276 3202
276 6287
276 7160
1108 1303
2707 3099
2707 6419
2442 3936
2442 3080
2442 2469
1314 1443
1314 1792
1314 1641
1514 1856
1514 2371
2744 3533
2744 4929
335 680
1258 3893
2762 4419
2762 3865
2762 3144
2762 5891
2762 6367
1317 3112
1317 2619
1317 6414
1097 2679
1097 5175
1097 2026
1096 3397
1096 7037
1096 3481
2770 3573
390 1246
390 4034
393 453
393 3880
393 4587
393 1095
395 1944
395 6496
395 1024
410 3501
410 6044
410 5270
1528 3349
1528 2741
2781 3660
2781 4915
2781 6330
2781 7552
424 656
424 4619
1534 2158
1249 2514
1249 2370
1249 5920
1249 1293
3442 4477
3442 3903
1083 1756
1083 3904
437 5046
437 5220
437 1957
437 1283
437 6803
1489 1707
1489 4052
1489 5696
2377 2727
2377 2687
2368 4228
2368 4085
2368 4753
2368 6282
2356 4964
2356 6073
2356 4725
3947 5676
3947 4893
3947 6555
3947 7785
2303 4429
2595 3572
2292 5958
2292 5083
2292 6788
2855 3745
526 1256
2881 5421
2881 4892
2235 4150
2235 2922
3557 4799
3557 5802
3557 5939
3557 7144
568 817
1551 2171
1551 4498
1551 2345
577 1892
577 3749
577 2943
3556 4637
3556 4509
3556 4831
596 2311
596 3474
596 7352
1118 1872
1118 5704
1118 5961
608 1490
608 2245
1560 2887
1560 2590
3423 3849
3423 3730
1359 1989
1058 1339
2174 2436
2174 6931
2160 2184
2160 2537
639 1090
639 665
4463 5912
4463 5824
4463 7683
4463 7718
4465 4675
4465 4521
4465 4951
4465 7988
654 2382
654 5363
654 2566
654 6125
1369 2093
1369 2204
1369 2030
1372 2801
1372 2743
667 2068
667 5275
978 4843
978 2735
978 2865
4348 4369
4348 5483
1376 1770
2112 3160
2112 7610
2112 3909
1591 1734
1591 6388
1591 7024
694 1873
694 4571
2588 4525
2588 4093
2588 5065
3879 4582
3879 5933
3879 6825
1385 2426
1385 1602
1385 1699
3070 3245
3070 6240
3070 4278
3070 7430
1197 2055
1197 7301
1035 2809
1035 2772
1196 3495
1196 3552
1196 4883
1196 2251
1196 1849
1194 3351
726 2275
1190 2995
1190 4479
752 802
3101 3236
3101 3842
3101 5618
3860 5529
3860 6017
1610 3044
1610 2365
1610 4031
1188 2768
1188 5226
1188 7459
1990 6171
1990 2576
1990 2961
1185 2585
1182 5199
1182 2046
1182 4494
3129 4873
3129 5274
809 4047
809 6379
809 1085
809 7813
815 2498
815 5485
841 1022
841 3226
841 5015
1017 1441
1017 7881
1899 2877
1899 3218
1899 2872
1899 5320
1896 3589
1139 2626
1139 1177
1139 4765
1139 2252
1634 2691
1634 2948
1634 4341
1888 2883
1888 6546
1888 6425
1888 7495
1881 4229
1881 5445
1879 4814
1879 4581
1421 3454
1421 2885
1421 5447
1421 6881
1168 4792
1168 3334
1168 4108
4491 6489
4491 5714
4491 6584
1140 3444
1140 5329
1140 5947
1005 1700
1005 4390
3214 3889
3214 3705
1841 3398
1841 3845
1841 6545
1841 6625
1838 3286
1838 2155
1838 5271
1427 4478
1427 6314
891 2972
891 1211
1428 1831
1428 3689
1428 5141
1428 7865
3235 6009
3235 3811
3235 4123
902 1878
1804 2447
1804 2187
1804 4320
1793 2042
1789 3177
1789 1866
1157 4683
1157 4271
6223 6242
6223 6518
6223 6700
926 2257
927 3009
927 1027
990 3676
1751 4740
1751 4927
931 2836
931 1584
931 2766
936 1583
936 3964
936 2439
1667 2808
1667 3559
1735 2705
1735 3155
1735 5706
1732 3971
1732 4190
1732 6431
947 1589
947 1189
953 1574
3768 4238
3768 5152
3768 6323
3318 3650
3318 5698
3348 3758
3356 3587
3356 3898
1576 1998
1576 7769
3680 3980
3680 3707
374 3797
374 1187
854 1542
854 4290
854 4651
854 6578
854 6869
3599 3649
3599 4166
2066 2407
2066 2548
2966 3047
2966 7075
2966 6422
1595 3230
1595 2465
1595 5636
2045 4017
2045 6736
1689 2440
1689 3414
1689 6063
1689 6536
1689 7028
2115 2882
2115 2993
2115 2214
2115 6216
672 1923
672 1563
672 7688
1374 2392
1374 2597
1374 6156
1374 6384
967 4463
747 2286
747 847
747 3851
747 3353
1366 1612
1366 2032
1366 7319
636 1851
636 4505
2139 2427
2139 3355
2146 2839
2146 5192
2146 2920
2146 2680
761 2248
761 3637
1705 2881
2161 2235
2007 2322
2007 4755
1220 2912
1220 6024
771 5259
771 4437
771 4997
771 1049
1268 3402
1268 4466
1268 2147
3314 4361
3314 5937
3314 4717
3314 4967
774 2712
774 5983
775 3609
775 1870
775 4235
1996 2366
1996 2460
1996 3010
601 634
601 2361
601 2091
1994 3225
1994 3591
1994 4735
1994 3252
1994 7133
2932 5749
2932 4495
2932 6321
950 4013
950 3079
950 6594
950 7517
586 1615
586 4557
586 6150
586 1535
586 6968
948 1982
948 6006
1186 1708
1186 1257
1186 4584
1186 4601
1186 2218
1980 2016
1980 3710
1980 6875
1980 7178
557 846
557 5944
984 1131
984 1382
2528 4646
2528 5358
2528 7287
1147 1369
1407 2442
173 3081
173 227
546 1694
546 4669
546 6727
2259 2405
2259 2673
1349 3263
1349 2544
222 1223
222 7234
1451 1613
1451 4068
1451 2967
1451 7041
2510 3078
2510 4420
1962 2401
1962 4023
1962 7820
2672 5475
2672 6169
2672 3790
2672 7302
932 2744
238 1961
238 2246
1960 6292
1960 3671
1960 3043
1960 2152
1960 7111
2677 2909
2677 7307
977 1421
1945 4376
1945 2059
1945 6283
1073 4097
1073 3531
1073 2878
520 1520
520 812
1414 3292
1414 2937
252 2234
252 2122
1075 2685
1075 3472
1075 5024
1075 2655
1075 6494
1075 7819
4188 4876
4188 5742
4188 4260
478 1017
3179 4438
3179 6333
1137 1497
1769 3577
1769 3973
2701 2740
2701 3437
2829 5390
2829 5488
1439 2368
1778 4343
1778 1902
1778 4838
1781 2205
1781 2933
1781 4866
1781 2700
844 999
844 1087
844 1296
1156 2824
1156 5882
1156 1536
848 2668
1486 3947
1790 3148
1790 5479
1790 6001
4007 6223
1794 3768
911 994
911 1425
911 4179
1593 2862
1593 2530
1593 5737
1593 7202
2454 2635
1158 1823
1158 1336
1158 5690
1636 1862
1636 5244
430 828
430 920
1539 2892
1539 3295
904 1118
860 5215
860 2260
860 6580
330 1105
330 350
330 2755
2384 5079
2384 3204
2384 3788
2384 7394
1658 4613
1658 5373
1658 2317
1658 6723
1532 4583
1532 5635
1532 3994
1532 6548
1825 2731
1825 1950
2388 2781
1826 2760
1826 2835
1875 1879
1250 2858
1250 5859
1250 1752
1250 7101
1874 2593
1874 5355
1874 5245
1874 7299
1092 2503
1092 2725
1092 1134
1092 7642
1093 1504
1093 6529
392 2397
392 5164
392 5732
392 6633
392 777
392 7947
1121 2783
1121 2450
1121 7417
1426 1480
1426 7836
1653 2012
1653 1799
1840 1919
1840 2851
1840 6587
1202 4382
1202 2888
1202 4768
1202 3084
1988 2732
1988 4236
1988 3497
887 948
373 4830
373 2739
373 5093
373 2137
1286 3930
1286 1390
1286 3325
2086 5069
2086 2667
2086 4061
2086 7337
1657 3191
1657 2618
3543 4348
3543 6808
1639 1994
59 469
59 3499
59 1958
59 1496
720 1619
720 3927
720 5281
2048 2049
2048 2726
2048 6391
877 978
877 5769
1032 1826
688 1220
1007 1486
4981 5507
4981 5023
4981 6988
4981 7052
87 393
87 5595
2044 2378
2044 3149
2780 3801
2780 3123
2780 3578
2764 2854
2764 6053
2764 4534
1436 2146
411 1610
411 2627
1174 4025
1174 3108
1174 3119
1174 6350
1174 7308
735 950
1159 6355
1159 6942
1159 3828
1159 2828
1159 1865
1159 6863
2043 2550
2043 4834
337 2177
337 1260
337 3666
337 2265
337 7181
657 917
657 6315
657 900
657 4724
1104 1560
1104 1169
1806 3433
1806 1855
1806 3813
1806 2352
1052 1624
1052 1236
1052 4313
1052 2983
2133 3405
2133 3006
2133 2666
2564 2707
2564 7700
305 1974
305 3546
2065 2089
2065 2580
1325 2939
1325 2965
1325 3884
1325 4522
1325 3050
1325 2624
1541 1742
1541 2890
296 335
296 5191
1568 2762
1568 4825
1330 5597
1330 3233
1330 3364
1330 6052
2825 3120
2825 3789
2825 7765
295 566
295 1603
2484 2701
1507 2188
1507 2527
1507 6206
1332 1551
1332 6304
1151 1261
1151 1621
1151 3347
1912 2416
1912 5576
1912 6938
3622 5303
3622 4268
3622 5366
2023 4188
2021 2250
2021 5306
834 898
834 914
834 1224
1543 3610
1543 3282
1543 6522
1030 2719
1030 2794
1928 2531
1928 2332
642 3989
642 5224
642 2191
642 6041
266 2625
266 1810
1567 2454
1055 2500
1055 4012
1055 5498
827 4894
827 4469
827 4451
827 4374
827 1494
1291 4004
1291 5325
2555 2906
2555 6134
2555 4355
1761 2006
1761 5165
1761 2167
2150 3518
2150 5510
2150 5874
991 3727
991 2869
991 4693
506 4465
506 5552
1446 1859
1446 4371
1446 1693
525 932
1703 1888
1703 4928
250 666
250 429
1671 2279
1671 2816
1671 6381
1671 7243
1565 3106
1565 4412
1565 6079
531 1526
531 4398
531 5758
1117 2807
1117 4163
124 4444
124 1475
2637 2758
2637 5590
2637 5063
2637 6382
1997 2647
1997 3138
956 3982
956 2111
956 6197
956 1454
1136 1774
1136 4589
1136 2642
1136 1166
191 2240
191 1453
776 1270
776 3661
776 5481
954 1274
954 7010
954 2876
954 6796
156 2771
156 2960
156 7472
156 4000
156 647
1729 4627
1729 2716
1729 3706
1729 2099
2215 2308
2215 4447
2215 3867
1021 2335
1021 4762
1518 5052
1518 3380
1518 3846
161 4356
161 2692
161 5865
161 6317
161 1635
161 6603
161 7114
161 604
983 1990
983 6072
2233 2415
2233 2348
1123 3235
1123 4060
567 1242
567 1890
567 1715
567 856
1731 2090
1731 3993
1731 4820
1470 2304
1470 2209
1353 2285
1353 2852
1353 4473
794 3053
794 3376
794 7661
797 1032
2221 3060
2221 4414
2221 3669
1066 1173
1066 4316
1066 4380
1404 1458
1404 2629
788 1960
788 7384
1225 4314
1225 2022
949 1178
949 1026
949 3505
949 3390
949 6732
949 7093
949 7130
169 1656
169 6491
169 4137
1614 5225
1614 4529
1614 6653
1614 7646
549 1940
549 3476
549 3937
176 2313
176 2612
176 5986
1124 3466
1124 3536
1358 1790
1358 4204
806 4860
806 3333
806 3450
806 3018
955 1506
955 2081
955 1138
955 7731
181 2208
181 1053
181 5609
230 557
230 4310
1463 1518
811 1489
811 4889
3117 3287
3117 4401
3117 4267
3117 6267
702 756
702 4904
989 4098
989 2573
989 1927
1753 2555
768 1845
768 4996
768 6656
768 7323
247 926
247 1709
1057 3331
1057 2375
1057 3206
529 967
529 4404
2632 6129
2632 4793
2632 6392
2632 2941
2632 2803
2632 6556
625 891
625 1863
818 2226
818 2239
818 7670
502 531
964 2785
964 1608
964 2276
488 1113
488 1195
486 1595
486 2608
1938 3647
1938 1995
1938 3456
1938 3224
1938 5450
1239 3438
1239 3161
1239 5563
484 774
484 7775
832 4286
832 1280
832 853
832 3911
832 6668
1665 2138
1665 3205
474 975
474 3881
474 4570
966 985
966 1871
1922 2135
1922 7147
1922 7387
1922 7721
1142 2112
1142 1645
1512 1929
1512 1550
1512 7126
320 2449
320 2087
320 5334
320 2321
1009 2474
1009 3878
1009 1633
1009 7141
861 3179
861 1398
742 2810
742 784
742 3756
742 3341
1597 1662
1597 1698
1597 4021
1597 5353
1597 7325
659 895
659 3773
659 3091
94 100
94 4770
94 585
94 7871
425 694
425 3890
736 1596
736 3198
736 1531
736 878
416 2367
416 4059
416 7156
1000 1084
1000 1481
1000 3720
44 3363
44 1508
44 6429
44 7901
1830 2518
1830 1934
1830 7910
2394 3934
2394 5884
2394 3071
2394 5228
730 1846
730 772
2396 4048
2396 2596
2396 2563
2396 6272
2396 7738
3034 3679
3034 6098
3034 6133
3352 3557
3352 5233
3352 7761
1098 1392
1098 2163
1473 1916
1473 2492
1858 3328
1858 5025
1858 2471
1858 7272
1388 4823
1388 2385
1388 5778
1388 3411
1277 1576
1277 2142
1162 1798
1162 3979
1162 1222
1162 7182
893 990
893 3611
1474 1748
1474 5251
1474 6800
1321 1541
389 617
389 1226
389 4287
1038 1436
1676 1837
1676 3613
1144 2986
1144 2643
1144 2229
1144 4736
388 745
388 3644
388 2169
1341 4491
1341 1403
1549 2595
1549 6071
1549 6922
1549 7544
2077 2215
2077 7364
4794 5587
4794 5318
4794 7528
523 2510
523 2826
523 7074
1080 1408
1080 5929
1080 6241
1080 1418
580 1512
1941 2115
1941 4561
1941 5838
1008 4427
1008 3782
1008 7909
1348 1747
1348 4167
1348 2985
813 2418
813 2729
813 3055
813 1460
813 1331
539 1587
539 741
539 3743
539 5028
790 1840
790 3498
790 1037
1876 2384
1876 3708
496 894
496 2414
496 5042
496 3975
699 2233
699 3107
1491 3423
1491 1818
1491 7427
807 1404
575 885
575 3147
575 7448
1722 2775
1722 5473
1722 3173
1471 1973
1471 3392
1471 4215
1471 5843
1471 6250
1471 6609
1079 1534
1079 3491
1079 7063
1245 1388
1492 1850
1492 4992
1492 3894
1492 5476
875 1335
875 1395
875 1817
875 7155
1237 4900
1237 2067
1237 4165
1237 4513
1237 2607
1237 2300
2598 4604
2598 5502
386 1018
386 4694
386 4276
1379 2388
1379 5121
1379 6686
175 979
175 3159
175 4336
175 650
1044 1591
1044 3815
1547 2796
1547 6955
385 2057
385 2452
385 3832
2170 3427
2170 2823
2170 2230
2170 5056
829 1353
829 5940
477 1376
477 2083
477 2242
2765 3543
2765 6466
371 911
371 4053
371 1036
1023 2292
1023 1723
553 1072
553 810
553 4259
553 6789
204 337
204 7135
3012 3096
3012 3163
3012 6573
3012 6956
837 2875
837 2201
837 6146
764 1861
764 5424
764 4041
764 4024
1150 1227
1150 1165
1150 3276
1150 7987
1750 2564
1750 7276
1050 1414
1050 3593
357 794
2320 2410
2320 6549
2320 2386
2320 5762
2320 6181
234 1834
234 5007
234 765
234 3966
234 5644
624 2770
624 933
624 805
763 1580
763 4480
763 3825
460 1677
460 1479
460 4761
1309 2394
1901 2293
1901 2451
1901 4574
1901 4971
1832 2952
1832 2262
1832 4346
1832 2326
1312 1705
1312 2357
1312 7382
465 956
465 5695
255 506
255 5602
327 1922
1082 1717
1082 3569
1082 2594
1082 7365
1805 2356
1805 1910
267 1644
267 2641
267 3777
267 4887
2902 3070
2902 5548
645 1009
1354 1559
1354 4854
1354 5150
1354 2560
1354 2393
436 1383
436 2003
436 1561
436 7533
436 1513
1660 1876
1313 1543
1313 5223
1313 1956
1797 3274
1797 2125
1797 3703
1106 3791
1106 3696
1106 3574
1106 6661
559 702
559 5540
2821 3275
2821 2958
1394 1939
1394 2703
1394 6822
1210 3200
1210 5403
1210 1836
1210 4711
1210 2853
1210 1319
1103 1962
1103 1143
1482 1789
1482 4541
1482 4727
1362 1751
1362 2253
1362 4546
1362 3186
758 1174
758 4141
758 2383
2424 2780
2424 2793
849 1651
849 3266
849 3507
849 2654
3465 3622
3465 4853
799 2065
799 2041
799 6400
2504 2874
2504 3183
2504 7543
660 1754
660 3103
660 3483
660 1031
664 735
664 2256
569 2054
569 2886
569 3984
569 6290
621 2021
621 4130
621 6348
360 1794
360 5010
360 6158
2310 3063
2310 3381
2310 2901
1300 1507
1300 6836
365 1668
365 2954
365 6874
365 5533
196 834
196 4512
196 5050
195 751
195 1978
195 2299
679 872
679 1110
679 2728
2659 4921
2659 3087
942 2507
942 1720
942 4530
943 1267
943 3759
155 1565
155 5242
1179 1332
1179 2670
1420 2283
1420 1949
1420 4035
1420 2029
959 2077
869 1462
869 2630
869 3452
869 4890
493 816
493 5472
493 858
493 7280
600 2722
600 1877
600 3425
600 2078
696 3912
696 1229
696 4101
780 1997
780 6234
108 464
108 1060
108 1247
576 586
576 4218
576 7342
595 1092
595 2944
595 692
1176 1547
2387 3403
2387 4265
2387 3470
2387 2556
1034 1854
1034 1728
1034 1979
1034 1537
421 860
421 4077
1343 1492
2376 2932
2376 5207
2376 6757
521 603
521 1102
786 1769
786 3135
786 3254
710 806
710 2704
2693 3879
2693 4845
2693 3640
2693 5392
819 1300
1235 1727
1235 4566
1235 3196
1235 7804
1887 2859
1887 2116
1887 7058
588 2086
588 2228
588 4006
1228 3775
1228 2237
1228 2502
1228 3953
1228 2521
1228 6026
2372 2376
1089 1168
1089 2738
1089 5137
1089 7566
1089 7573
781 1161
781 3002
781 2277
781 6084
781 7193
867 1214
867 3394
867 2611
867 5903
867 5976
605 824
605 1254
605 5674
851 1654
851 2296
851 1287
572 2249
572 1807
572 3902
572 4537
572 4923
572 5109
3192 3352
3192 4303
2164 2902
2164 5181
359 790
359 3487
459 1035
459 1393
1217 1665
1217 5235
1217 1682
1516 1891
1516 1688
1516 4375
1516 2812
1516 7441
901 1881
901 3203
901 2931
1600 1988
1600 4970
1600 5774
563 636
563 1405
997 2677
997 1241
997 5813
997 6733
798 919
798 2613
798 2505
798 2136
798 7720
292 392
292 562
292 5440
1015 1314
1015 1632
1015 1649
288 3093
288 380
288 2118
288 6902
288 4091
1153 2139
1153 1725
1153 2711
2120 3117
2120 3127
2120 6450
988 1030
988 1546
1371 1830
1371 2551
216 1144
216 5417
216 439
206 452
206 4311
206 3516
673 874
673 1776
673 5095
673 2289
673 6486
677 1162
677 1212
677 1201
1975 2048
1975 5135
1975 2745
482 821
482 727
482 3999
482 4337
190 598
190 611
190 2196
681 763
681 2314
157 1420
147 1005
147 1510
147 300
147 1570
1114 2174
1114 1127
119 836
119 972
119 5534
47 3653
47 353
47 1820
542 1147
542 2399
542 1743
970 3599
970 3385
820 2588
820 2648
820 5821
820 6929
718 815
718 2117
718 4808
717 955
717 3590
717 3029
1951 2637
1951 4482
1951 7310
1387 1703
1387 2987
971 1136
971 5791
971 1643
971 7189
1145 1313
1384 1463
1384 2350
714 1801
714 2189
714 1590
530 1618
530 1310
530 4751
530 2456
530 5956
1410 1928
1410 1413
2216 3034
2216 2615
394 1366
394 2850
2104 2320
2104 3654
2104 7328
1259 2765
1259 3209
1259 2660
527 1474
527 3032
527 871
527 618
732 2528
732 5519
732 5798
732 5555
1465 1658
1465 1666
733 837
733 3875
578 1098
578 6119
578 1972
537 1097
537 1617
537 3262
749 1470
749 1566
749 3769
1977 2424
1977 2231
1895 2216
565 1298
565 801
565 619
565 7270
558 1646
558 2476
558 3344
558 4067
558 3892
558 7153
347 1639
347 2969
347 4714
273 1514
273 670
378 1593
378 2082
378 7915
510 849
510 533
221 788
221 315
1457 1996
1457 2903
1457 2968
1457 4545
554 1597
554 6816
554 3464
3035 3465
3035 4671
1626 1938
1626 1970
1116 1374
1116 5755
1116 1758
1116 2307
833 1077
833 1616
833 5368
823 1052
823 1271
823 5119
823 5603
2000 3796
2000 3656
2000 6349
2000 7031
258 1549
258 534
258 7640
2200 2693
2200 7372
229 1159
229 1364
229 551
2072 2221
2072 3673
2072 3132
2072 7555
729 798
248 1325
248 2539
248 2482
1449 1875
1449 2156
1449 4499
406 3115
406 2832
406 674
406 4875
825 2845
825 4484
825 2879
825 1803
825 1365
1305 3675
1305 3643
1305 3523
1305 2243
1328 3417
1328 1488
1328 3841
599 887
599 973
599 5088
495 608
495 711
495 840
414 942
414 5480
1757 2678
1757 3082
1757 3219
1932 2413
1932 2470
1932 2709
1932 7505
498 989
498 3322
1119 1121
1119 2715
1119 5291
1119 4642
2105 2164
2105 6572
1253 1626
864 1351
864 2690
864 1724
864 1678
864 4092
864 3618
1175 2160
1175 2921
1175 1318
1175 3693
223 398
223 1985
223 3833
223 584
223 5387
223 1326
505 1896
505 541
505 2773
505 1515
505 881
177 1139
177 2689
177 5331
2027 2377
2027 5575
2027 2220
2027 6649
2027 6807
1691 1874
1691 1920
1691 5113
472 529
472 5785
472 630
1074 4007
1074 2298
1074 2273
1074 4389
1074 3023
278 709
278 1650
278 1088
278 1495
278 2899
1477 1804
1477 2124
1477 2080
787 797
787 1422
1154 1451
1154 1302
1154 3581
1154 4934
1264 1735
1264 5080
1264 3265
1264 4774
1264 6335
443 3432
443 1014
443 4157
443 5633
209 1007
209 613
209 740
1039 1465
2411 3348
2411 3211
2411 7998
518 2984
518 3098
518 4105
518 5008
518 6744
518 759
1401 3035
1068 1449
532 726
532 2461
532 2079
311 1142
311 1025
311 3586
311 2633
2346 2504
2346 6301
2346 7616
897 929
897 1218
897 1216
850 1740
850 1607
850 2737
850 4280
850 3052
850 2586
1942 3192
1942 2522
1942 2052
419 1185
419 928
419 1289
419 4359
333 1000
333 540
333 6626
326 717
326 6992
326 7001
198 234
198 5372
198 4283
317 601
317 4242
317 622
317 2455
638 1116
638 835
1835 3987
1835 2168
1835 2301
620 4779
620 2071
620 1737
620 6322
620 2141
1347 2179
1347 2297
1347 3020
1347 1500
1230 1330
1230 1696
1230 1848
996 1328
996 7732
1397 1858
1397 2963
375 482
375 1558
212 1124
212 2358
614 861
614 2325
614 5168
470 624
470 1430
220 3129
220 276
220 7827
1592 1722
1592 2834
259 2027
543 576
543 2742
543 3330
769 1839
769 3468
769 4227
769 3083
769 7032
402 578
402 3319
428 1066
428 3537
245 897
426 3459
426 570
426 2973
426 7435
863 943
863 5328
863 1243
547 970
547 3612
240 424
240 976
240 1485
687 3314
687 1148
687 1063
591 1457
591 7368
592 984
592 2748
592 5508
592 2002
686 1176
686 6767
686 3923
571 3214
571 663
571 3022
571 6652
188 1343
188 6772
188 4058
188 1521
1338 2072
1338 6132
1338 6677
1468 1516
1468 4177
1468 2953
1468 7698
71 1347
1101 1428
1101 2592
1101 1544
432 1975
432 1898
432 3187
1107 1253
1107 1553
1219 1757
1219 6185
573 902
573 1273
573 1625
573 1562
573 6478
550 621
550 1370
550 6076
550 7420
676 869
676 5053
676 4877
676 855
522 554
522 946
207 525
207 682
207 2480
992 1083
992 2604
992 1294
992 6719
519 1015
519 868
302 333
302 1637
1234 2000
1234 3665
1234 1524
1234 6927
545 2873
545 1203
545 1231
545 6050
545 6363
545 6397
494 521
494 2516
494 3941
494 4784
516 807
516 1993
516 882
1221 1401
1221 3085
1221 2646
396 2238
396 2294
396 2721
396 1540
396 7363
396 7922
1484 2104
1484 3511
1484 4870
490 493
490 4178
490 4580
490 1306
2098 3672
2098 2779
2098 2990
2098 3039
2098 3709
2098 4942
987 1423
987 1020
987 3021
987 2004
987 1472
987 1122
987 1904
987 1736
1002 1945
1002 1140
1002 2893
1002 7644
215 221
215 649
865 1150
865 1450
865 5708
2688 4981
2688 4851
2688 3248
2688 6204
417 537
417 1529
417 3420
417 5825
442 569
442 1767
135 780
135 564
135 842
1368 1484
231 240
231 789
235 488
235 1130
235 6715
235 457
981 1145
981 4629
981 6454
743 749
743 1511
743 5721
743 2035
1019 1093
1019 1067
1019 2833
1019 3877
1019 6684
938 1179
938 6707
938 6764
174 215
458 825
458 6021
458 6416
137 1277
137 947
137 6780
391 530
391 2535
391 5652
277 1202
277 341
277 5805
277 1417
277 6946
2038 2764
2038 2621
2038 2075
2038 2675
1548 1793
1548 2406
1548 1964
1548 4107
1548 4518
1548 4940
1548 2268
859 1660
859 3066
859 4362
859 4597
859 7029
859 7620
186 389
186 5784
186 1307
186 3207
401 2038
294 320
294 2034
294 1762
294 6209
294 963
294 7351
941 1312
941 1652
941 1167
1126 2170
1126 5129
1126 1783
683 714
683 2623
683 3290
683 5005
980 1186
980 3378
980 2017
208 1196
208 1609
208 1304
208 5793
208 7694
1016 1832
1016 1416
1016 1917
930 2966
930 1661
930 2176
930 4431
930 4233
930 6000
149 426
149 4289
74 357
74 1967
74 3585
74 779
74 738
623 1805
623 691
623 4691
623 3030
623 7332
623 637
731 1384
731 838
731 7416
324 1977
324 1433
324 5248
450 2598
450 1741
450 1076
450 544
450 1346
450 7015
969 983
969 1539
969 5815
332 575
332 921
332 5289
332 7584
271 1368
1640 2120
1640 2140
1004 1761
1004 3442
1004 1199
1464 1963
1464 5158
1464 2129
1464 5035
1464 2671
628 2121
628 707
628 716
628 1244
628 6814
303 1691
303 1028
303 706
1323 2161
1323 3443
1323 2665
1323 2579
1323 1478
2536 2688
2536 4737
501 823
501 1800
501 6871
501 7502
286 591
286 2512
286 5733
200 223
200 2194
200 5143
200 7812
1710 4794
1710 1731
112 1309
112 839
112 143
112 466
1232 1614
1232 1838
1232 4490
1232 2212
513 654
513 652
513 1847
513 1333
379 550
379 445
362 969
1048 1932
1048 4122
1048 6226
1048 1391
352 1471
352 767
352 1135
352 6980
352 4460
308 2659
308 3990
308 1745
308 6394
308 1533
308 7875
678 1372
678 2606
678 3798
678 2462
678 2008
678 3431
68 206
68 892
68 5002
68 4111
583 681
583 1263
583 2270
193 231
193 4421
193 2438
808 1532
808 1689
808 1714
1782 1942
1782 1833
1782 7438
447 472
447 594
447 6188
447 934
479 1482
479 1041
479 3928
479 5262
479 1350
479 6666
982 1126
982 4078
615 642
615 792
615 1852
615 6606
754 2484
754 1058
754 1824
884 1050
884 1117
884 7595
1316 1464
1316 4317
21 94
21 1426
21 1297
1146 1237
1146 1149
1146 2073
1146 1868
1146 6460
739 754
413 513
413 4696
367 600
367 965
367 1680
367 3315
125 1219
125 1198
125 2905
263 1259
263 609
263 4350
958 2821
958 1064
958 1802
958 1670
945 1234
945 1447
945 7148
945 7986
760 938
760 3823
760 5478
368 386
368 4397
368 1380
368 4682
368 6492
783 1153
783 1057
159 292
159 266
159 3954
826 1221
826 6474
826 4256
1128 2372
1128 1721
1128 1779
1128 2863
172 1197
172 468
172 6456
172 2486
172 4245
172 4239
172 3512
172 6449
1111 1491
1111 4019
1111 1642
1111 2797
1111 7047
698 945
270 518
270 2578
270 3938
270 3919
270 1292
338 406
338 2557
338 1315
338 1301
1065 1175
1065 2149
1065 1527
1065 4171
1065 2056
344 1473
344 1841
344 960
344 2271
640 736
640 827
640 2362
728 1951
728 1252
728 831
728 2354
475 781
475 3012
316 1341
316 1055
316 2631
471 1103
471 568
471 1163
471 5869
744 1004
744 1054
910 1002
910 4547
910 1415
348 402
348 1825
340 813
340 1321
340 6627
340 2567
629 1232
629 4279
629 3631
363 799
363 771
363 2561
363 2190
289 1338
289 2305
289 3327
289 7470
289 345
481 1600
481 1008
481 7112
803 1079
803 2830
803 957
803 4531
803 3210
312 338
312 3630
508 3101
508 1786
508 795
508 1554
508 1438
508 1233
508 6738
268 742
268 1056
268 1444
268 5160
268 1784
268 403
35 1021
35 3227
35 48
35 719
35 2584
35 6303
409 425
409 1317
409 1081
409 3311
409 7102
409 7162
1282 1592
1282 2791
1282 1813
1282 4288
1282 7116
251 1568
251 2259
251 1667
251 6709
446 563
446 1528
446 725
446 7749
1499 1750
1499 3356
1499 3726
1499 5286
1499 2061
852 863
852 1796
852 2652
852 2520
852 6779
852 4003
697 1397
697 3579
697 3062
697 712
697 2210
697 1629
412 495
412 1205
412 2306
412 3284
412 1648
412 6872
82 1154
82 5313
82 4872
82 5138
82 5684
82 1760
32 599
32 639
32 952
32 6940
334 340
334 3473
700 980
700 1795
700 1001
249 263
249 4976
249 3731
876 1895
876 1797
261 1710
261 3553
261 387
343 2310
343 1567
343 880
343 905
343 6673
42 216
42 1188
42 346
42 2114
314 516
314 2602
314 5078
314 2472
314 7471
903 1065
903 2763
903 7136
903 7375
114 623
114 237
114 5310
114 1663
280 673
280 1775
280 722
280 2861
280 3850
400 417
400 1467
400 5319
400 5022
400 6891
669 739
669 6256
669 1181
433 638
433 631
433 4689
433 528
384 1901
384 991
384 773
384 5337
384 3404
1424 1782
1424 2867
1424 5842
1424 5877
939 2346
939 998
939 1469
939 2033
939 1419
1759 2098
1759 3860
1759 2929
766 1074
766 988
757 2387
757 1210
757 4308
757 4515
757 4672
438 479
438 916
61 200
61 1385
632 859
632 1320
632 2395
632 3793
632 7246
633 758
633 844
633 4780
633 3193
633 5314
633 6500
633 6768
45 787
45 282
45 1522
45 1968
45 6708
170 450
170 750
170 4199
170 6565
170 1386
755 1044
755 2632
755 1345
755 4839
755 2674
199 360
199 1194
199 1062
199 785
199 4307
178 686
178 936
178 5634
178 7081
178 4318
178 724
514 760
514 4139
514 684
514 7309
189 270
189 1777
189 3100
189 4917
189 1886
355 471
355 2525
355 4274
355 2658
184 1348
184 478
184 1359
184 298
184 5250
504 826
504 2101
504 2134
504 6186
1170 1387
1170 1407
1170 1284
1170 2733
1170 4506
556 731
556 2971
556 3215
503 679
503 672
503 1918
503 3895
503 2923
503 4533
101 317
101 523
101 695
101 5174
217 401
217 1943
217 455
217 3859
217 1582
217 7056
117 220
117 1883
117 715
117 1164
117 3580
597 1016
597 854
597 6127
597 7927
415 458
415 627
415 1363
415 4804
415 7019
415 7286
704 744
704 1352
704 2734
704 5964
381 490
381 2150
381 4828
658 820
658 901
658 1509
658 4349
658 2651
535 558
535 1653
535 2540
535 2669
535 5524
535 1192
535 7187
491 910
491 1440
491 1685
491 6475
339 1068
339 2043
339 2107
339 2009
925 1835
925 2396
925 1265
925 6110
560 1114
560 605
560 5617
560 2776
560 7903
770 982
770 2302
770 1819
770 3281
770 2644
98 614
98 908
98 354
98 1519
98 6670
693 718
693 1371
693 3283
693 4372
693 1171
321 470
321 510
321 2339
321 462
643 852
643 2255
643 5946
643 7707
708 903
708 1434
708 6372
476 1640
476 596
476 1191
476 7334
257 803
257 3556
646 1170
646 1378
162 1264
162 1089
162 1442
162 2982
162 7244
256 498
256 1075
256 2281
256 2464
256 4103
256 5469
256 5477
205 273
205 1156
205 2303
205 2421
291 1305
291 520
291 3267
291 3396
291 310
291 685
291 3663
291 4680
287 355
287 4594
287 3354
287 3294
287 3024
635 1111
635 1772
635 2225
635 2710
635 4126
635 7844
548 640
548 1091
548 3629
548 6311
487 808
487 572
76 261
76 804
76 2513
318 732
318 1636
318 761
318 1812
318 2434
318 6526
165 178
165 3133
165 3517
165 5014
536 683
536 1157
536 944
536 2581
536 6113
536 5761
404 786
404 1358
404 2044
404 1530
404 3853
65 119
65 1806
65 651
65 2058
65 593
65 2342
164 580
164 1291
164 937
164 349
164 3418
164 4767
164 4771
164 7238
454 867
454 484
454 1225
454 3217
454 3802
454 4249
974 987
974 1039
974 2159
974 6729
974 6651
370 375
370 959
370 776
370 5811
78 367
78 2870
78 561
78 793
299 504
299 2672
448 514
448 4133
448 1155
448 461
448 7659
95 2200
95 157
95 154
95 166
95 524
34 359
34 1941
34 1899
34 3145
34 2483
34 4524
34 7590
423 876
423 2069
423 644
423 3915
423 6210
423 6824
236 247
236 296
236 373
236 2085
236 2329
285 400
285 1778
285 1575
58 101
58 1250
58 2981
53 268
53 421
53 241
668 850
668 764
668 1158
668 3917
668 782
269 312
269 546
269 1278
269 1773
538 668
661 925
661 1249
661 986
422 646
422 862
422 4329
422 4658
422 2389
106 208
106 851
106 1601
106 6718
106 427
106 6091
356 1323
356 1439
356 1033
356 449
356 1125
254 280
254 2045
254 1029
254 2024
254 5420
218 503
218 2232
218 3615
218 4153
218 3247
218 2911
218 6866
441 766
441 485
441 1109
441 4175
441 4826
441 2165
444 930
444 1362
444 567
444 5094
444 6909
616 698
616 1239
616 841
616 5985
313 743
313 696
313 388
313 2488
456 697
456 477
456 1594
456 889
456 7932
500 548
500 1184
500 1905
171 443
171 176
171 374
171 2889
171 2713
171 3522
171 6336
171 7168
274 368
274 311
274 587
274 418
274 2409
369 884
369 542
369 953
369 5622
180 285
180 5800
180 2193
1193 2536
1193 1379
1193 2095
1193 1400
133 783
133 156
133 688
133 4164
133 6951
483 556
483 1980
483 800
483 5527
483 6740
139 289
139 1151
139 2236
139 2864
139 3005
139 1466
139 6676
342 1107
342 436
342 411
342 904
361 419
361 385
361 811
361 2829
213 958
213 1903
213 3058
213 2206
213 1047
213 5037
213 830
213 4975
512 1128
512 615
306 381
306 747
306 5195
306 1240
306 3897
243 274
243 1936
293 981
293 1235
293 553
293 7626
293 6823
293 689
579 757
579 1410
579 3168
579 6114
579 4738
579 7873
552 700
552 864
552 2007
655 941
655 1104
655 2108
655 2746
655 1409
655 912
655 1690
655 2752
655 6064
214 306
214 239
214 6977
146 165
146 1182
146 1078
146 3304
146 3524
185 500
185 2543
185 1279
185 3723
185 7841
309 661
309 3620
309 2936
309 1755
511 678
511 687
511 549
511 5678
511 4285
226 363
226 628
226 3213
226 995
275 314
275 496
275 322
275 2475
275 1914
364 369
364 931
109 352
109 174
109 1953
109 1971
109 899
109 1213
92 447
92 571
92 395
92 2684
92 7635
331 379
331 1228
331 2133
331 1930
331 6468
331 3027
331 5857
331 1099
283 632
283 1070
283 1628
283 870
283 1295
283 3766
224 332
224 1101
224 769
168 321
168 248
168 1215
329 508
329 475
329 2895
366 370
366 1634
366 1744
366 703
366 6220
323 992
323 428
323 414
323 2628
323 4032
323 4194
323 6615
323 6663
148 170
148 1548
148 3489
148 2336
167 251
167 527
167 710
167 3920
167 3761
167 5822
399 560
399 2105
399 2173
399 1893
399 3985
399 6027
399 762
574 616
574 964
574 906
574 3408
319 422
319 581
319 507
319 3565
319 6906
81 643
81 159
325 538
325 390
325 1269
325 1375
325 1555
197 313
197 1638
197 2343
197 3541
197 5089
197 6164
182 291
182 391
182 2959
182 4742
211 218
211 677
211 3598
211 923
126 286
126 235
126 305
126 5715
126 497
126 4248
126 3298
126 5105
126 822
328 511
328 4312
328 3421
328 2616
57 167
57 129
57 7400
264 361
264 1732
264 451
264 5975
264 4360
264 4439
264 2868
264 2574
264 1538
163 331
163 752
163 5573
121 209
121 565
121 147
121 1268
121 1096
121 1455
121 3575
121 2940
121 2583
160 199
160 730
160 486
160 1288
160 1900
160 1412
160 6852
160 7197
80 275
80 2066
80 407
201 356
201 657
201 3223
201 1207
201 2907
219 264
219 4954
297 444
297 324
297 440
203 633
203 583
203 1080
203 3624
203 1718
515 579
515 819
515 3429
515 2323
515 6876
351 597
351 573
351 1038
351 1675
351 4071
351 5876
358 512
358 532
358 1768
358 6270
358 1986
77 162
77 1106
77 222
77 1991
77 3848
77 5086
110 412
110 676
110 1217
110 1023
110 2702
408 483
408 954
408 3680
408 3270
408 626
62 491
62 204
62 659
62 330
62 173
62 723
69 76
69 308
69 559
69 6574
142 1282
142 501
142 394
142 1402
142 734
142 2645
142 6498
376 399
376 437
376 3794
376 737
376 5611
376 7258
144 299
144 1019
144 997
290 1193
290 1048
290 3704
290 2617
290 7263
290 7373
265 476
265 658
265 2060
265 3092
63 293
63 494
63 4968
63 3285
63 228
63 4428
52 69
52 3617
52 492
118 423
118 865
118 288
118 489
118 2446
122 213
122 545
122 1695
122 1935
122 2425
93 256
93 149
93 416
93 607
93 3184
93 857
93 2787
262 552
262 729
262 1286
262 4684
127 535
127 415
127 460
127 4086
43 358
43 940
43 2991
43 1452
13 269
13 21
13 459
13 7704
304 329
304 1676
304 1399
304 5539
304 1604
382 704
382 669
382 1245
382 1446
382 5340
37 182
37 547
37 260
37 4950
37 7726
301 318
301 409
301 371
301 1190
301 3104
183 708
183 384
183 996
183 1431
183 2180
183 1361
372 456
372 974
372 473
372 6991
158 325
158 728
158 3221
158 5236
158 6165
158 7150
158 7800
431 574
431 1468
431 768
431 4559
431 1389
517 655
517 693
517 2192
517 4365
152 301
152 6319
152 3007
131 163
131 620
131 949
131 3754
187 211
187 229
187 539
187 2330
187 1340
187 6846
151 364
151 362
151 169
151 3318
151 1046
151 2989
116 171
116 258
116 347
116 365
116 1781
116 3926
116 4526
272 517
272 1152
272 1947
179 448
179 404
179 625
179 1073
179 4716
179 2364
103 142
103 212
103 502
103 5287
194 214
194 205
194 848
194 2534
194 1493
194 7995
194 4201
194 4848
336 515
336 344
336 1354
244 265
244 378
244 430
244 1959
244 1702
284 304
284 1394
284 966
284 2381
85 127
85 1230
85 832
85 2519
85 7868
29 80
29 193
29 1671
29 3529
29 1334
29 3628
134 290
134 271
134 1137
134 701
134 140
134 3156
134 2554
70 139
70 236
70 343
70 1889
105 431
105 108
105 181
105 7530
105 3338
120 121
120 446
120 190
120 233
120 4707
120 3910
120 5754
120 1183
120 951
120 128
66 408
66 133
66 4385
66 4607
113 319
113 487
113 198
113 1258
113 814
113 1094
14 160
14 35
14 47
14 124
14 1108
14 202
14 7274
83 372
83 1146
83 245
83 3038
83 3150
138 194
138 196
138 175
138 1476
138 377
138 3787
138 4415
138 2910
138 6155
138 7489
132 151
132 348
132 818
132 582
132 2315
60 70
60 1082
60 829
60 3028
28 37
28 413
28 2825
28 1160
28 909
28 748
28 2622
28 4849
28 1322
28 4576
28 778
39 219
39 81
39 71
141 164
141 635
141 303
141 186
141 396
141 1729
141 7054
55 83
55 252
55 5898
55 6776
72 201
72 309
72 432
72 250
72 3521
72 1275
33 262
33 316
33 294
33 1753
33 56
33 111
33 4558
33 3718
33 6910
33 1013
38 63
38 184
38 42
38 191
38 410
38 281
107 116
107 168
107 5637
107 1730
51 132
51 645
51 1132
51 225
51 3684
41 55
41 1657
41 1427
41 1706
41 2254
41 4511
41 420
41 6154
102 138
102 1316
102 161
102 641
102 5501
102 509
102 4115
153 158
153 323
153 481
153 238
153 1262
115 351
115 197
115 283
115 435
115 5810
54 66
54 254
54 833
54 753
54 2682
54 6623
54 5039
96 107
96 939
96 195
96 2353
96 4083
96 3415
130 284
130 297
130 543
130 1912
130 713
130 843
99 102
99 302
99 3739
99 845
88 203
88 342
88 454
88 188
88 588
88 1123
88 4388
88 1276
88 5818
88 463
88 3016
88 2840
90 105
90 536
90 334
90 522
90 4134
90 5677
90 7697
89 153
89 664
89 465
89 3843
86 131
86 93
86 519
86 177
86 1664
86 4747
86 2975
86 104
86 935
86 5711
91 141
91 243
91 257
91 791
91 246
97 382
97 110
97 1759
97 1424
97 971
97 255
46 72
46 109
46 217
46 2562
46 6356
50 89
50 155
50 327
50 993
50 6313
50 3659
50 2247
84 115
84 433
84 125
84 1630
24 28
24 43
24 699
24 44
24 4223
24 4501
24 2430
24 7855
79 96
79 592
79 1887
79 720
79 3308
79 4096
73 99
73 78
73 893
73 210
73 2110
67 113
67 144
67 287
67 1119
67 295
67 3188
67 3013
67 6203
75 134
75 85
75 1477
75 505
75 2023
75 2662
75 3064
75 5082
75 6278
75 434
15 88
15 629
15 172
15 207
15 4897
15 480
123 272
123 328
123 126
123 755
123 326
123 1573
123 886
17 60
17 77
17 95
17 32
17 7043
17 4837
49 75
49 1976
49 2962
49 2857
23 49
23 595
23 2088
23 2429
23 2261
27 73
27 61
27 1034
27 1329
27 6033
36 84
36 376
36 180
36 2927
36 3883
25 33
25 244
25 146
25 117
25 68
25 74
25 6669
30 130
30 120
30 57
30 53
30 809
30 2924
30 7862
40 123
40 179
40 92
40 2589
8 15
8 336
8 438
8 278
8 242
8 4302
8 307
8 3772
8 22
8 2798
8 1739
8 1631
8 866
8 279
8 5693
8 7152
8 150
20 46
20 29
20 226
20 441
20 112
20 667
20 526
20 1357
20 3602
31 97
31 41
31 106
31 98
31 770
31 82
31 977
31 775
31 5040
31 6318
18 20
18 187
18 65
18 339
18 733
18 2855
18 136
18 1045
18 1692
18 7282
18 7431
7 18
7 2132
19 36
19 50
19 185
19 259
19 927
19 1572
26 30
26 38
26 122
26 224
26 189
26 875
12 27
12 79
12 152
12 52
12 135
12 267
12 192
12 883
12 1505
12 4084
12 7831
9 12
9 39
9 62
9 1499
9 1605
9 1822
9 6374
6 9
6 23
6 59
6 653
6 64
6 675
6 145
16 19
16 25
16 24
16 442
16 1349
16 577
16 589
16 2529
11 40
11 91
11 86
11 90
11 14
11 13
11 148
11 58
11 7379
10 11
10 54
10 103
10 118
10 114
10 877
10 2767
10 7745
5 10
5 17
5 137
5 2411
5 230
5 1180
5 555
5 7350
3 5
3 612
4 26
4 7
4 31
4 8
4 366
4 34
4 660
4 87
4 1133
4 1141
2 3
2 16
2 67
2 249
2 277
2 474
2 1933
2 1112
2 3234
1 2
1 4
1 6
1 51
1 183
1 45
1 1290
